89 1852
33 39
33 78
42 78
70 78
49 78
49 70
12 39
12 78
12 33
12 42
12 70
12 49
6 39
6 78
6 33
6 42
6 70
6 49
6 12
5 39
5 78
5 33
5 42
5 70
5 49
5 12
5 6
5 82
13 39
13 78
13 33
13 42
13 70
13 49
13 82
35 39
35 78
35 42
35 70
35 49
35 82
30 39
30 78
30 33
30 42
30 70
30 49
30 82
30 35
9 39
9 78
9 33
9 42
9 70
9 49
9 12
9 82
9 13
9 35
9 30
7 39
7 78
7 33
7 42
7 70
7 49
7 12
7 82
7 13
7 35
7 30
7 9
17 39
17 78
17 33
17 42
17 70
17 49
17 82
17 35
17 30
46 78
46 70
46 49
46 82
64 78
64 70
64 82
67 78
67 70
67 82
69 78
69 70
69 82
40 78
40 42
40 70
40 49
40 82
40 46
40 64
40 67
40 69
11 39
11 78
11 33
11 42
11 70
11 49
11 12
11 82
11 13
11 35
11 30
11 17
11 46
11 64
11 67
11 69
11 40
43 78
43 70
43 49
43 82
43 46
43 64
43 67
43 69
60 78
60 70
60 82
60 64
60 67
60 69
60 86
2 39
2 78
2 33
2 42
2 70
2 49
2 12
2 6
2 82
2 5
2 13
2 35
2 30
2 9
2 7
2 17
2 46
2 64
2 67
2 69
2 40
2 11
2 43
2 86
2 60
37 39
37 78
37 42
37 70
37 49
37 82
37 46
37 64
37 67
37 69
37 40
37 43
37 86
37 60
36 39
36 78
36 42
36 70
36 49
36 82
36 46
36 64
36 67
36 69
36 40
36 43
36 86
36 60
36 37
36 88
74 78
74 82
74 86
74 88
22 39
22 78
22 33
22 42
22 70
22 49
22 82
22 35
22 30
22 46
22 64
22 67
22 69
22 40
22 43
22 86
22 60
22 37
22 88
22 36
22 74
83 86
83 88
24 39
24 78
24 33
24 42
24 70
24 49
24 82
24 35
24 30
24 46
24 64
24 67
24 69
24 40
24 43
24 86
24 60
24 37
24 88
24 36
24 74
24 83
71 78
71 82
71 86
71 88
71 74
71 83
32 39
32 78
32 33
32 42
32 70
32 49
32 82
32 35
32 46
32 64
32 67
32 69
32 40
32 43
32 86
32 60
32 37
32 88
32 36
32 74
32 83
32 71
3 39
3 78
3 33
3 42
3 70
3 49
3 12
3 6
3 82
3 5
3 13
3 35
3 30
3 9
3 7
3 17
3 46
3 64
3 67
3 69
3 40
3 11
3 43
3 86
3 60
3 37
3 88
3 36
3 74
3 22
3 83
3 24
3 71
3 32
14 39
14 78
14 33
14 42
14 70
14 49
14 82
14 35
14 30
14 17
14 46
14 64
14 67
14 69
14 40
14 43
14 86
14 60
14 37
14 88
14 36
14 74
14 22
14 83
14 24
14 71
14 32
51 78
51 70
51 82
51 64
51 67
51 69
51 86
51 60
51 88
51 74
51 83
51 71
80 82
80 86
80 88
80 83
44 78
44 70
44 49
44 82
44 46
44 64
44 67
44 69
44 86
44 60
44 88
44 74
44 83
44 71
44 51
44 80
23 39
23 78
23 33
23 42
23 70
23 49
23 82
23 35
23 30
23 46
23 64
23 67
23 69
23 40
23 43
23 86
23 60
23 37
23 88
23 36
23 74
23 83
23 24
23 71
23 32
23 51
23 80
23 44
34 39
34 78
34 42
34 70
34 49
34 82
34 35
34 46
34 64
34 67
34 69
34 40
34 43
34 86
34 60
34 37
34 88
34 36
34 74
34 83
34 71
34 51
34 80
34 44
87 88
61 78
61 70
61 82
61 64
61 67
61 69
61 86
61 88
61 74
61 83
61 71
61 80
61 87
73 78
73 82
73 86
73 88
73 74
73 83
73 80
73 87
73 89
48 78
48 70
48 49
48 82
48 64
48 67
48 69
48 86
48 60
48 88
48 74
48 83
48 71
48 51
48 80
48 87
48 61
48 89
48 73
62 78
62 70
62 82
62 64
62 67
62 69
62 86
62 88
62 74
62 83
62 71
62 80
62 87
62 89
62 73
76 78
76 82
76 86
76 88
76 83
76 80
76 87
76 89
1 39
1 78
1 33
1 42
1 70
1 49
1 12
1 6
1 82
1 5
1 13
1 35
1 30
1 9
1 7
1 17
1 46
1 64
1 67
1 69
1 40
1 11
1 43
1 86
1 60
1 2
1 37
1 88
1 36
1 74
1 22
1 83
1 24
1 71
1 32
1 3
1 14
1 51
1 80
1 44
1 23
1 34
1 87
1 61
1 89
1 73
1 48
1 62
1 76
38 39
38 78
38 42
38 70
38 49
38 82
38 46
38 64
38 67
38 69
38 40
38 43
38 86
38 60
38 88
38 74
38 83
38 71
38 51
38 80
38 44
38 87
38 61
38 89
38 73
38 48
38 62
38 76
66 78
66 70
66 82
66 67
66 69
66 86
66 88
66 74
66 83
66 71
66 80
66 87
66 89
66 73
66 76
52 78
52 70
52 82
52 64
52 67
52 69
52 86
52 60
52 88
52 74
52 83
52 71
52 80
52 87
52 61
52 89
52 73
52 62
52 76
52 66
63 78
63 70
63 82
63 64
63 67
63 69
63 86
63 88
63 74
63 83
63 71
63 80
63 87
63 89
63 73
63 76
63 66
68 78
68 70
68 82
68 69
68 86
68 88
68 74
68 83
68 71
68 80
68 87
68 89
68 73
68 76
10 39
10 78
10 33
10 42
10 70
10 49
10 12
10 82
10 13
10 35
10 30
10 17
10 46
10 64
10 67
10 69
10 40
10 11
10 43
10 86
10 60
10 37
10 88
10 36
10 74
10 22
10 83
10 24
10 71
10 32
10 14
10 51
10 80
10 44
10 23
10 34
10 87
10 61
10 89
10 73
10 48
10 62
10 76
10 38
10 66
10 52
10 63
10 68
16 39
16 78
16 33
16 42
16 70
16 49
16 82
16 35
16 30
16 17
16 46
16 64
16 67
16 69
16 40
16 43
16 86
16 60
16 37
16 88
16 36
16 74
16 22
16 83
16 24
16 71
16 32
16 51
16 80
16 44
16 23
16 34
16 87
16 61
16 89
16 73
16 48
16 62
16 76
16 38
16 66
16 52
16 63
16 68
55 78
55 70
55 82
55 64
55 67
55 69
55 86
55 60
55 88
55 74
55 83
55 71
55 80
55 87
55 61
55 89
55 73
55 62
55 76
55 66
55 63
55 68
47 78
47 70
47 49
47 82
47 64
47 67
47 69
47 86
47 60
47 88
47 74
47 83
47 71
47 51
47 80
47 87
47 61
47 89
47 73
47 48
47 62
47 76
47 66
47 52
47 63
47 68
47 55
53 78
53 70
53 82
53 64
53 67
53 69
53 86
53 60
53 88
53 74
53 83
53 71
53 80
53 87
53 61
53 89
53 73
53 62
53 76
53 66
53 63
53 68
53 55
56 78
56 70
56 82
56 64
56 67
56 69
56 86
56 60
56 88
56 74
56 83
56 71
56 80
56 87
56 61
56 89
56 73
56 62
56 76
56 66
56 63
56 68
28 39
28 78
28 33
28 42
28 70
28 49
28 82
28 35
28 30
28 46
28 64
28 67
28 69
28 40
28 43
28 86
28 60
28 37
28 88
28 36
28 74
28 83
28 71
28 32
28 51
28 80
28 44
28 34
28 87
28 61
28 89
28 73
28 48
28 62
28 76
28 38
28 66
28 52
28 63
28 68
28 55
28 47
28 53
28 56
27 39
27 78
27 33
27 42
27 70
27 49
27 82
27 35
27 30
27 46
27 64
27 67
27 69
27 40
27 43
27 86
27 60
27 37
27 88
27 36
27 74
27 83
27 71
27 32
27 51
27 80
27 44
27 34
27 87
27 61
27 89
27 73
27 48
27 62
27 76
27 38
27 66
27 52
27 63
27 68
27 55
27 47
27 53
27 56
27 28
26 39
26 78
26 33
26 42
26 70
26 49
26 82
26 35
26 30
26 46
26 64
26 67
26 69
26 40
26 43
26 86
26 60
26 37
26 88
26 36
26 74
26 83
26 71
26 32
26 51
26 80
26 44
26 34
26 87
26 61
26 89
26 73
26 48
26 62
26 76
26 38
26 66
26 52
26 63
26 68
26 55
26 47
26 53
26 56
26 28
26 27
59 78
59 70
59 82
59 64
59 67
59 69
59 86
59 60
59 88
59 74
59 83
59 71
59 80
59 87
59 61
59 89
59 73
59 62
59 76
59 66
59 63
59 68
21 39
21 78
21 33
21 42
21 70
21 49
21 82
21 35
21 30
21 46
21 64
21 67
21 69
21 40
21 43
21 86
21 60
21 37
21 88
21 36
21 74
21 22
21 83
21 24
21 71
21 32
21 51
21 80
21 44
21 23
21 34
21 87
21 61
21 89
21 73
21 48
21 62
21 76
21 38
21 66
21 52
21 63
21 68
21 55
21 47
21 53
21 56
21 28
21 27
21 26
21 59
72 78
72 82
72 86
72 88
72 74
72 83
72 80
72 87
72 89
72 73
72 76
4 39
4 78
4 33
4 42
4 70
4 49
4 12
4 6
4 82
4 5
4 13
4 35
4 30
4 9
4 7
4 17
4 46
4 64
4 67
4 69
4 40
4 11
4 43
4 86
4 60
4 37
4 88
4 36
4 74
4 22
4 83
4 24
4 71
4 32
4 14
4 51
4 80
4 44
4 23
4 34
4 87
4 61
4 89
4 73
4 48
4 62
4 76
4 38
4 66
4 52
4 63
4 68
4 10
4 16
4 55
4 47
4 53
4 56
4 28
4 27
4 26
4 59
4 21
4 72
25 39
25 78
25 33
25 42
25 70
25 49
25 82
25 35
25 30
25 46
25 64
25 67
25 69
25 40
25 43
25 86
25 60
25 37
25 88
25 36
25 74
25 83
25 71
25 32
25 51
25 80
25 44
25 34
25 87
25 61
25 89
25 73
25 48
25 62
25 76
25 38
25 66
25 52
25 63
25 68
25 55
25 47
25 53
25 56
25 28
25 27
25 26
25 59
25 72
85 86
85 88
85 87
85 89
31 39
31 78
31 33
31 42
31 70
31 49
31 82
31 35
31 46
31 64
31 67
31 69
31 40
31 43
31 86
31 60
31 37
31 88
31 36
31 74
31 83
31 71
31 32
31 51
31 80
31 44
31 34
31 87
31 61
31 89
31 73
31 48
31 62
31 76
31 38
31 66
31 52
31 63
31 68
31 55
31 47
31 53
31 56
31 59
31 72
31 85
58 78
58 70
58 82
58 64
58 67
58 69
58 86
58 60
58 88
58 74
58 83
58 71
58 80
58 87
58 61
58 89
58 73
58 62
58 76
58 66
58 63
58 68
58 59
58 72
58 85
81 82
81 86
81 88
81 83
81 87
81 89
81 85
84 86
84 88
84 87
84 89
84 85
45 78
45 70
45 49
45 82
45 46
45 64
45 67
45 69
45 86
45 60
45 88
45 74
45 83
45 71
45 51
45 80
45 87
45 61
45 89
45 73
45 48
45 62
45 76
45 66
45 52
45 63
45 68
45 55
45 47
45 53
45 56
45 59
45 72
45 85
45 58
45 81
45 84
75 78
75 82
75 86
75 88
75 83
75 80
75 87
75 89
75 76
75 85
75 81
75 84
8 39
8 78
8 33
8 42
8 70
8 49
8 12
8 82
8 13
8 35
8 30
8 9
8 17
8 46
8 64
8 67
8 69
8 40
8 11
8 43
8 86
8 60
8 37
8 88
8 36
8 74
8 22
8 83
8 24
8 71
8 32
8 14
8 51
8 80
8 44
8 23
8 34
8 87
8 61
8 89
8 73
8 48
8 62
8 76
8 38
8 66
8 52
8 63
8 68
8 10
8 16
8 55
8 47
8 53
8 56
8 28
8 27
8 26
8 59
8 21
8 72
8 25
8 85
8 31
8 58
8 81
8 84
8 45
8 75
54 78
54 70
54 82
54 64
54 67
54 69
54 86
54 60
54 88
54 74
54 83
54 71
54 80
54 87
54 61
54 89
54 73
54 62
54 76
54 66
54 63
54 68
54 55
54 56
54 59
54 72
54 85
54 58
54 81
54 84
54 75
20 39
20 78
20 33
20 42
20 70
20 49
20 82
20 35
20 30
20 46
20 64
20 67
20 69
20 40
20 43
20 86
20 60
20 37
20 88
20 36
20 74
20 22
20 83
20 24
20 71
20 32
20 51
20 80
20 44
20 23
20 34
20 87
20 61
20 89
20 73
20 48
20 62
20 76
20 38
20 66
20 52
20 63
20 68
20 55
20 47
20 53
20 56
20 28
20 27
20 26
20 59
20 21
20 72
20 25
20 85
20 31
20 58
20 81
20 84
20 45
20 75
20 54
41 78
41 42
41 70
41 49
41 82
41 46
41 64
41 67
41 69
41 43
41 86
41 60
41 88
41 74
41 83
41 71
41 51
41 80
41 44
41 87
41 61
41 89
41 73
41 48
41 62
41 76
41 66
41 52
41 63
41 68
41 55
41 47
41 53
41 56
41 59
41 72
41 85
41 58
41 81
41 84
41 45
41 75
41 54
18 39
18 78
18 33
18 42
18 70
18 49
18 82
18 35
18 30
18 46
18 64
18 67
18 69
18 40
18 43
18 86
18 60
18 37
18 88
18 36
18 74
18 22
18 83
18 24
18 71
18 32
18 51
18 80
18 44
18 23
18 34
18 87
18 61
18 89
18 73
18 48
18 62
18 76
18 38
18 66
18 52
18 63
18 68
18 55
18 47
18 53
18 56
18 28
18 27
18 26
18 59
18 21
18 72
18 25
18 85
18 31
18 58
18 81
18 84
18 45
18 75
18 54
18 20
18 41
57 78
57 70
57 82
57 64
57 67
57 69
57 86
57 60
57 88
57 74
57 83
57 71
57 80
57 87
57 61
57 89
57 73
57 62
57 76
57 66
57 63
57 68
57 59
57 72
57 85
57 58
57 81
57 84
57 75
29 39
29 78
29 33
29 42
29 70
29 49
29 82
29 35
29 30
29 46
29 64
29 67
29 69
29 40
29 43
29 86
29 60
29 37
29 88
29 36
29 74
29 83
29 71
29 32
29 51
29 80
29 44
29 34
29 87
29 61
29 89
29 73
29 48
29 62
29 76
29 38
29 66
29 52
29 63
29 68
29 55
29 47
29 53
29 56
29 59
29 72
29 85
29 31
29 58
29 81
29 84
29 45
29 75
29 54
29 41
29 57
50 78
50 70
50 82
50 64
50 67
50 69
50 86
50 60
50 88
50 74
50 83
50 71
50 51
50 80
50 87
50 61
50 89
50 73
50 62
50 76
50 66
50 52
50 63
50 68
50 55
50 53
50 56
50 59
50 72
50 85
50 58
50 81
50 84
50 75
50 54
50 57
79 82
79 86
79 88
79 83
79 80
79 87
79 89
79 85
79 81
79 84
65 78
65 70
65 82
65 67
65 69
65 86
65 88
65 74
65 83
65 71
65 80
65 87
65 89
65 73
65 76
65 66
65 68
65 72
65 85
65 81
65 84
65 75
65 79
19 39
19 78
19 33
19 42
19 70
19 49
19 82
19 35
19 30
19 46
19 64
19 67
19 69
19 40
19 43
19 86
19 60
19 37
19 88
19 36
19 74
19 22
19 83
19 24
19 71
19 32
19 51
19 80
19 44
19 23
19 34
19 87
19 61
19 89
19 73
19 48
19 62
19 76
19 38
19 66
19 52
19 63
19 68
19 55
19 47
19 53
19 56
19 28
19 27
19 26
19 59
19 21
19 72
19 25
19 85
19 31
19 58
19 81
19 84
19 45
19 75
19 54
19 20
19 41
19 57
19 29
19 50
19 79
19 65
77 78
77 82
77 86
77 88
77 83
77 80
77 87
77 89
77 85
77 81
77 84
77 79
15 39
15 78
15 33
15 42
15 70
15 49
15 82
15 35
15 30
15 17
15 46
15 64
15 67
15 69
15 40
15 43
15 86
15 60
15 37
15 88
15 36
15 74
15 22
15 83
15 24
15 71
15 32
15 51
15 80
15 44
15 23
15 34
15 87
15 61
15 89
15 73
15 48
15 62
15 76
15 38
15 66
15 52
15 63
15 68
15 16
15 55
15 47
15 53
15 56
15 28
15 27
15 26
15 59
15 21
15 72
15 25
15 85
15 31
15 58
15 81
15 84
15 45
15 75
15 54
15 20
15 41
15 18
15 57
15 29
15 50
15 79
15 65
15 19
15 77
