560 10000
53 54
6 16
6 54
6 53
39 54
39 53
18 54
18 53
18 39
8 16
8 54
8 53
8 39
8 18
44 54
44 53
21 54
21 53
21 39
21 44
1 16
1 54
1 53
1 6
1 39
1 18
1 8
1 44
1 21
7 16
7 54
7 53
7 39
7 18
7 8
7 44
7 21
20 54
20 53
20 39
20 44
20 21
20 70
30 54
30 53
30 39
30 44
30 70
4 16
4 54
4 53
4 6
4 39
4 18
4 8
4 44
4 21
4 7
4 70
4 20
4 30
36 54
36 53
36 39
36 44
36 70
35 54
35 53
35 39
35 44
35 70
35 36
28 54
28 53
28 39
28 44
28 70
28 30
28 36
28 35
32 54
32 53
32 39
32 44
32 70
32 36
32 35
34 54
34 53
34 39
34 44
34 70
34 36
34 35
43 54
43 53
43 44
43 70
22 54
22 53
22 39
22 44
22 70
22 30
22 36
22 35
22 28
22 32
22 34
22 43
33 54
33 53
33 39
33 44
33 70
33 36
33 35
33 34
33 43
33 111
88 111
63 70
63 111
63 88
26 54
26 53
26 39
26 44
26 70
26 30
26 36
26 35
26 28
26 32
26 34
26 43
26 111
26 33
26 88
26 63
64 70
64 111
64 88
23 54
23 53
23 39
23 44
23 70
23 30
23 36
23 35
23 28
23 32
23 34
23 43
23 111
23 33
23 88
23 63
23 26
23 64
24 54
24 53
24 39
24 44
24 70
24 30
24 36
24 35
24 28
24 32
24 34
24 43
24 111
24 33
24 88
24 63
24 26
24 64
9 16
9 54
9 53
9 39
9 18
9 44
9 21
9 70
9 20
9 30
9 36
9 35
9 28
9 32
9 34
9 43
9 22
9 111
9 33
9 88
9 63
9 26
9 64
9 23
9 24
13 16
13 54
13 53
13 39
13 18
13 44
13 21
13 70
13 20
13 30
13 36
13 35
13 28
13 32
13 34
13 43
13 22
13 111
13 33
13 88
13 63
13 26
13 64
13 23
13 24
38 54
38 53
38 39
38 44
38 70
38 43
38 111
38 88
38 63
38 64
25 54
25 53
25 39
25 44
25 70
25 30
25 36
25 35
25 28
25 32
25 34
25 43
25 111
25 33
25 88
25 63
25 26
25 64
25 38
17 54
17 53
17 39
17 18
17 44
17 21
17 70
17 20
17 30
17 36
17 35
17 28
17 32
17 34
17 43
17 22
17 111
17 33
17 88
17 63
17 26
17 64
17 23
17 24
17 38
17 25
109 111
12 16
12 54
12 53
12 39
12 18
12 44
12 21
12 70
12 20
12 30
12 36
12 35
12 28
12 32
12 34
12 43
12 22
12 111
12 33
12 88
12 63
12 26
12 64
12 23
12 24
12 13
12 38
12 25
12 17
12 109
76 111
76 88
76 109
10 16
10 54
10 53
10 39
10 18
10 44
10 21
10 70
10 20
10 30
10 36
10 35
10 28
10 32
10 34
10 43
10 22
10 111
10 33
10 88
10 63
10 26
10 64
10 23
10 24
10 13
10 38
10 25
10 17
10 109
10 12
10 76
2 16
2 54
2 53
2 6
2 39
2 18
2 8
2 44
2 21
2 7
2 70
2 20
2 30
2 4
2 36
2 35
2 28
2 32
2 34
2 43
2 22
2 111
2 33
2 88
2 63
2 26
2 64
2 23
2 24
2 9
2 13
2 38
2 25
2 17
2 109
2 12
2 76
2 10
37 54
37 53
37 39
37 44
37 70
37 43
37 111
37 88
37 63
37 64
37 38
37 109
37 76
50 54
50 53
50 70
50 111
50 88
50 63
50 64
50 109
50 76
45 54
45 53
45 70
45 111
45 88
45 63
45 64
45 109
45 76
45 50
11 16
11 54
11 53
11 39
11 18
11 44
11 21
11 70
11 20
11 30
11 36
11 35
11 28
11 32
11 34
11 43
11 22
11 111
11 33
11 88
11 63
11 26
11 64
11 23
11 24
11 13
11 38
11 25
11 17
11 109
11 12
11 76
11 37
11 50
11 45
87 111
87 88
87 109
98 111
98 109
49 54
49 53
49 70
49 111
49 88
49 63
49 64
49 109
49 76
49 50
49 87
49 98
93 111
93 109
93 98
19 54
19 53
19 39
19 44
19 21
19 70
19 20
19 30
19 36
19 35
19 28
19 32
19 34
19 43
19 22
19 111
19 33
19 88
19 63
19 26
19 64
19 23
19 24
19 38
19 25
19 109
19 76
19 37
19 50
19 45
19 87
19 98
19 49
19 93
31 54
31 53
31 39
31 44
31 70
31 36
31 35
31 32
31 34
31 43
31 111
31 33
31 88
31 63
31 64
31 38
31 109
31 76
31 37
31 50
31 45
31 87
31 98
31 49
31 93
46 54
46 53
46 70
46 111
46 88
46 63
46 64
46 109
46 76
46 50
46 87
46 98
46 49
46 93
41 54
41 53
41 44
41 70
41 43
41 111
41 88
41 63
41 64
41 109
41 76
41 50
41 45
41 87
41 98
41 49
41 93
41 46
85 111
85 88
85 109
85 87
85 98
85 93
51 54
51 53
51 70
51 111
51 88
51 63
51 64
51 109
51 76
51 87
51 98
51 93
51 85
5 16
5 54
5 53
5 6
5 39
5 18
5 8
5 44
5 21
5 7
5 70
5 20
5 30
5 36
5 35
5 28
5 32
5 34
5 43
5 22
5 111
5 33
5 88
5 63
5 26
5 64
5 23
5 24
5 9
5 13
5 38
5 25
5 17
5 109
5 12
5 76
5 10
5 37
5 50
5 45
5 11
5 87
5 98
5 49
5 93
5 19
5 31
5 46
5 41
5 85
5 51
27 54
27 53
27 39
27 44
27 70
27 30
27 36
27 35
27 28
27 32
27 34
27 43
27 111
27 33
27 88
27 63
27 64
27 38
27 109
27 76
27 37
27 50
27 45
27 87
27 98
27 49
27 93
27 31
27 46
27 41
27 85
27 51
29 54
29 53
29 39
29 44
29 70
29 30
29 36
29 35
29 32
29 34
29 43
29 111
29 33
29 88
29 63
29 64
29 38
29 109
29 76
29 37
29 50
29 45
29 87
29 98
29 49
29 93
29 31
29 46
29 41
29 85
29 51
78 111
78 88
78 109
78 87
78 98
78 93
78 85
47 54
47 53
47 70
47 111
47 88
47 63
47 64
47 109
47 76
47 50
47 87
47 98
47 49
47 93
47 85
47 51
47 78
52 54
52 53
52 70
52 111
52 88
52 63
52 64
52 109
52 76
52 87
52 98
52 93
52 85
52 78
48 54
48 53
48 70
48 111
48 88
48 63
48 64
48 109
48 76
48 50
48 87
48 98
48 49
48 93
48 85
48 51
48 78
48 52
48 116
86 111
86 88
86 109
86 87
86 98
86 93
86 116
67 70
67 111
67 88
67 109
67 76
67 87
67 98
67 93
67 85
67 78
67 116
67 86
95 111
95 109
95 98
95 116
66 70
66 111
66 88
66 109
66 76
66 87
66 98
66 93
66 85
66 78
66 116
66 86
66 67
66 95
3 16
3 54
3 53
3 6
3 39
3 18
3 8
3 44
3 21
3 7
3 70
3 20
3 30
3 4
3 36
3 35
3 28
3 32
3 34
3 43
3 22
3 111
3 33
3 88
3 63
3 26
3 64
3 23
3 24
3 9
3 13
3 38
3 25
3 17
3 109
3 12
3 76
3 10
3 37
3 50
3 45
3 11
3 87
3 98
3 49
3 93
3 19
3 31
3 46
3 41
3 85
3 51
3 5
3 27
3 29
3 78
3 47
3 52
3 116
3 48
3 86
3 67
3 95
3 66
107 111
107 109
107 116
42 54
42 53
42 44
42 70
42 43
42 111
42 88
42 63
42 64
42 109
42 76
42 50
42 45
42 87
42 98
42 49
42 93
42 46
42 85
42 51
42 78
42 47
42 52
42 116
42 48
42 86
42 67
42 95
42 66
42 107
84 111
84 88
84 109
84 87
84 98
84 93
84 85
84 116
84 86
84 95
84 107
91 111
91 109
91 98
91 93
91 116
91 95
91 107
110 111
110 116
71 111
71 88
71 109
71 76
71 87
71 98
71 93
71 85
71 78
71 116
71 86
71 95
71 107
71 84
71 91
71 110
71 126
60 70
60 111
60 88
60 63
60 64
60 109
60 76
60 87
60 98
60 93
60 85
60 78
60 116
60 86
60 67
60 95
60 66
60 107
60 84
60 91
60 110
60 126
60 71
94 111
94 109
94 98
94 116
94 95
94 107
94 110
94 126
101 111
101 109
101 116
101 107
101 110
101 126
14 16
14 54
14 53
14 39
14 18
14 44
14 21
14 70
14 20
14 30
14 36
14 35
14 28
14 32
14 34
14 43
14 22
14 111
14 33
14 88
14 63
14 26
14 64
14 23
14 24
14 38
14 25
14 17
14 109
14 76
14 37
14 50
14 45
14 87
14 98
14 49
14 93
14 19
14 31
14 46
14 41
14 85
14 51
14 27
14 29
14 78
14 47
14 52
14 116
14 48
14 86
14 67
14 95
14 66
14 107
14 42
14 84
14 91
14 110
14 126
14 71
14 60
14 94
14 101
108 111
108 109
108 116
108 110
108 126
15 16
15 54
15 53
15 39
15 18
15 44
15 21
15 70
15 20
15 30
15 36
15 35
15 28
15 32
15 34
15 43
15 22
15 111
15 33
15 88
15 63
15 26
15 64
15 23
15 24
15 38
15 25
15 17
15 109
15 76
15 37
15 50
15 45
15 87
15 98
15 49
15 93
15 19
15 31
15 46
15 41
15 85
15 51
15 27
15 29
15 78
15 47
15 52
15 116
15 48
15 86
15 67
15 95
15 66
15 107
15 42
15 84
15 91
15 110
15 126
15 71
15 60
15 94
15 101
15 108
15 127
72 111
72 88
72 109
72 76
72 87
72 98
72 93
72 85
72 78
72 116
72 86
72 95
72 107
72 84
72 91
72 110
72 126
72 94
72 101
72 108
72 127
56 70
56 111
56 88
56 63
56 64
56 109
56 76
56 87
56 98
56 93
56 85
56 78
56 116
56 86
56 67
56 95
56 66
56 107
56 84
56 91
56 110
56 126
56 71
56 60
56 94
56 101
56 108
56 127
56 72
62 70
62 111
62 88
62 63
62 64
62 109
62 76
62 87
62 98
62 93
62 85
62 78
62 116
62 86
62 67
62 95
62 66
62 107
62 84
62 91
62 110
62 126
62 71
62 94
62 101
62 108
62 127
62 72
65 70
65 111
65 88
65 109
65 76
65 87
65 98
65 93
65 85
65 78
65 116
65 86
65 67
65 95
65 66
65 107
65 84
65 91
65 110
65 126
65 71
65 94
65 101
65 108
65 127
65 72
120 126
120 127
55 70
55 111
55 88
55 63
55 64
55 109
55 76
55 87
55 98
55 93
55 85
55 78
55 116
55 86
55 67
55 95
55 66
55 107
55 84
55 91
55 110
55 126
55 71
55 60
55 94
55 101
55 108
55 127
55 72
55 56
55 62
55 65
55 120
40 54
40 53
40 44
40 70
40 43
40 111
40 88
40 63
40 64
40 109
40 76
40 50
40 45
40 87
40 98
40 49
40 93
40 46
40 41
40 85
40 51
40 78
40 47
40 52
40 116
40 48
40 86
40 67
40 95
40 66
40 107
40 42
40 84
40 91
40 110
40 126
40 71
40 60
40 94
40 101
40 108
40 127
40 72
40 56
40 62
40 65
40 120
40 55
100 111
100 109
100 116
100 107
100 110
100 126
100 101
100 108
100 127
100 120
68 70
68 111
68 88
68 109
68 76
68 87
68 98
68 93
68 85
68 78
68 116
68 86
68 95
68 107
68 84
68 91
68 110
68 126
68 71
68 94
68 101
68 108
68 127
68 72
68 120
68 100
119 126
119 127
119 120
57 70
57 111
57 88
57 63
57 64
57 109
57 76
57 87
57 98
57 93
57 85
57 78
57 116
57 86
57 67
57 95
57 66
57 107
57 84
57 91
57 110
57 126
57 71
57 60
57 94
57 101
57 108
57 127
57 72
57 62
57 65
57 120
57 100
57 68
57 119
81 111
81 88
81 109
81 87
81 98
81 93
81 85
81 116
81 86
81 95
81 107
81 84
81 91
81 110
81 126
81 94
81 101
81 108
81 127
81 120
81 100
81 119
121 126
121 127
79 111
79 88
79 109
79 87
79 98
79 93
79 85
79 116
79 86
79 95
79 107
79 84
79 91
79 110
79 126
79 94
79 101
79 108
79 127
79 120
79 100
79 119
79 81
79 121
59 70
59 111
59 88
59 63
59 64
59 109
59 76
59 87
59 98
59 93
59 85
59 78
59 116
59 86
59 67
59 95
59 66
59 107
59 84
59 91
59 110
59 126
59 71
59 60
59 94
59 101
59 108
59 127
59 72
59 62
59 65
59 120
59 100
59 68
59 119
59 81
59 121
59 79
83 111
83 88
83 109
83 87
83 98
83 93
83 85
83 116
83 86
83 95
83 107
83 84
83 91
83 110
83 126
83 94
83 101
83 108
83 127
83 120
83 100
83 119
83 121
61 70
61 111
61 88
61 63
61 64
61 109
61 76
61 87
61 98
61 93
61 85
61 78
61 116
61 86
61 67
61 95
61 66
61 107
61 84
61 91
61 110
61 126
61 71
61 94
61 101
61 108
61 127
61 72
61 62
61 65
61 120
61 100
61 68
61 119
61 81
61 121
61 79
61 83
61 139
58 70
58 111
58 88
58 63
58 64
58 109
58 76
58 87
58 98
58 93
58 85
58 78
58 116
58 86
58 67
58 95
58 66
58 107
58 84
58 91
58 110
58 126
58 71
58 60
58 94
58 101
58 108
58 127
58 72
58 62
58 65
58 120
58 100
58 68
58 119
58 81
58 121
58 79
58 59
58 83
58 139
58 61
106 111
106 109
106 116
106 107
106 110
106 126
106 108
106 127
106 120
106 119
106 121
106 139
80 111
80 88
80 109
80 87
80 98
80 93
80 85
80 116
80 86
80 95
80 107
80 84
80 91
80 110
80 126
80 94
80 101
80 108
80 127
80 120
80 100
80 119
80 81
80 121
80 83
80 139
80 106
80 141
77 111
77 88
77 109
77 87
77 98
77 93
77 85
77 78
77 116
77 86
77 95
77 107
77 84
77 91
77 110
77 126
77 94
77 101
77 108
77 127
77 120
77 100
77 119
77 81
77 121
77 79
77 83
77 139
77 106
77 141
77 80
134 139
134 141
112 116
112 126
112 127
112 120
112 119
112 121
112 139
112 141
112 134
125 126
125 127
125 139
125 141
125 134
135 139
135 141
113 116
113 126
113 127
113 120
113 119
113 121
113 139
113 141
113 134
113 125
113 135
113 152
115 116
115 126
115 127
115 120
115 119
115 121
115 139
115 141
115 134
115 125
115 135
115 152
115 181
147 152
147 181
73 111
73 88
73 109
73 76
73 87
73 98
73 93
73 85
73 78
73 116
73 86
73 95
73 107
73 84
73 91
73 110
73 126
73 94
73 101
73 108
73 127
73 120
73 100
73 119
73 81
73 121
73 79
73 83
73 139
73 106
73 141
73 80
73 77
73 134
73 112
73 125
73 135
73 152
73 113
73 181
73 115
73 147
162 181
153 181
153 162
97 111
97 109
97 98
97 116
97 107
97 110
97 126
97 101
97 108
97 127
97 120
97 100
97 119
97 121
97 139
97 106
97 141
97 134
97 112
97 125
97 135
97 152
97 113
97 181
97 115
97 147
97 162
97 153
74 111
74 88
74 109
74 76
74 87
74 98
74 93
74 85
74 78
74 116
74 86
74 95
74 107
74 84
74 91
74 110
74 126
74 94
74 101
74 108
74 127
74 120
74 100
74 119
74 81
74 121
74 79
74 83
74 139
74 106
74 141
74 80
74 77
74 134
74 112
74 125
74 135
74 152
74 113
74 181
74 115
74 147
74 162
74 153
74 97
132 139
132 141
132 134
132 135
132 152
132 181
132 147
132 162
132 153
128 139
128 141
128 134
128 135
128 152
128 181
128 147
128 162
128 153
128 132
118 126
118 127
118 120
118 119
118 121
118 139
118 141
118 134
118 125
118 135
118 152
118 181
118 147
118 162
118 153
118 132
118 128
154 181
154 162
89 111
89 109
89 98
89 93
89 116
89 95
89 107
89 91
89 110
89 126
89 94
89 101
89 108
89 127
89 120
89 100
89 119
89 121
89 139
89 106
89 141
89 134
89 112
89 125
89 135
89 152
89 113
89 181
89 115
89 147
89 162
89 153
89 97
89 132
89 128
89 118
89 154
159 181
159 162
129 139
129 141
129 134
129 135
129 152
129 181
129 147
129 162
129 153
129 132
129 154
129 159
123 126
123 127
123 139
123 141
123 134
123 125
123 135
123 152
123 181
123 147
123 162
123 153
123 132
123 128
123 154
123 159
123 129
149 152
149 181
149 162
149 153
149 154
149 159
69 70
69 111
69 88
69 109
69 76
69 87
69 98
69 93
69 85
69 78
69 116
69 86
69 95
69 107
69 84
69 91
69 110
69 126
69 71
69 94
69 101
69 108
69 127
69 72
69 120
69 100
69 119
69 81
69 121
69 79
69 83
69 139
69 106
69 141
69 80
69 77
69 134
69 112
69 125
69 135
69 152
69 113
69 181
69 115
69 147
69 73
69 162
69 153
69 97
69 74
69 132
69 128
69 118
69 154
69 89
69 159
69 129
69 123
69 149
155 181
155 162
155 159
168 181
136 139
136 141
136 152
136 181
136 147
136 162
136 153
136 154
136 159
136 149
136 155
136 168
99 111
99 109
99 116
99 107
99 110
99 126
99 101
99 108
99 127
99 120
99 100
99 119
99 121
99 139
99 106
99 141
99 134
99 112
99 125
99 135
99 152
99 113
99 181
99 115
99 147
99 162
99 153
99 132
99 128
99 118
99 154
99 159
99 129
99 123
99 149
99 155
99 168
99 136
114 116
114 126
114 127
114 120
114 119
114 121
114 139
114 141
114 134
114 125
114 135
114 152
114 181
114 115
114 147
114 162
114 153
114 132
114 128
114 118
114 154
114 159
114 129
114 123
114 149
114 155
114 168
114 136
104 111
104 109
104 116
104 107
104 110
104 126
104 108
104 127
104 120
104 119
104 121
104 139
104 106
104 141
104 134
104 112
104 125
104 135
104 152
104 113
104 181
104 115
104 147
104 162
104 153
104 132
104 128
104 118
104 154
104 159
104 129
104 123
104 149
104 155
104 168
104 136
104 114
144 152
144 181
144 147
144 162
144 153
144 154
144 159
144 149
144 155
144 168
151 152
151 181
151 162
151 153
151 154
151 159
151 155
151 168
75 111
75 88
75 109
75 76
75 87
75 98
75 93
75 85
75 78
75 116
75 86
75 95
75 107
75 84
75 91
75 110
75 126
75 94
75 101
75 108
75 127
75 120
75 100
75 119
75 81
75 121
75 79
75 83
75 139
75 106
75 141
75 80
75 77
75 134
75 112
75 125
75 135
75 152
75 113
75 181
75 115
75 147
75 162
75 153
75 97
75 132
75 128
75 118
75 154
75 89
75 159
75 129
75 123
75 149
75 155
75 168
75 136
75 99
75 114
75 104
75 144
75 151
105 111
105 109
105 116
105 107
105 110
105 126
105 108
105 127
105 120
105 119
105 121
105 139
105 106
105 141
105 134
105 112
105 125
105 135
105 152
105 113
105 181
105 115
105 147
105 162
105 153
105 132
105 128
105 118
105 154
105 159
105 129
105 123
105 149
105 155
105 168
105 136
105 114
105 144
105 151
166 181
166 168
170 181
92 111
92 109
92 98
92 93
92 116
92 95
92 107
92 110
92 126
92 94
92 101
92 108
92 127
92 120
92 100
92 119
92 121
92 139
92 106
92 141
92 134
92 112
92 125
92 135
92 152
92 113
92 181
92 115
92 147
92 162
92 153
92 97
92 132
92 128
92 118
92 154
92 159
92 129
92 123
92 149
92 155
92 168
92 136
92 99
92 114
92 104
92 144
92 151
92 105
92 166
92 170
138 139
138 141
138 152
138 181
138 147
138 162
138 153
138 154
138 159
138 149
138 155
138 168
138 144
138 151
138 166
138 170
131 139
131 141
131 134
131 135
131 152
131 181
131 147
131 162
131 153
131 132
131 154
131 159
131 149
131 155
131 168
131 136
131 144
131 151
131 166
131 170
131 138
90 111
90 109
90 98
90 93
90 116
90 95
90 107
90 91
90 110
90 126
90 94
90 101
90 108
90 127
90 120
90 100
90 119
90 121
90 139
90 106
90 141
90 134
90 112
90 125
90 135
90 152
90 113
90 181
90 115
90 147
90 162
90 153
90 97
90 132
90 128
90 118
90 154
90 159
90 129
90 123
90 149
90 155
90 168
90 136
90 99
90 114
90 104
90 144
90 151
90 105
90 166
90 170
90 92
90 138
90 131
102 111
102 109
102 116
102 107
102 110
102 126
102 108
102 127
102 120
102 119
102 121
102 139
102 106
102 141
102 134
102 112
102 125
102 135
102 152
102 113
102 181
102 115
102 147
102 162
102 153
102 132
102 128
102 118
102 154
102 159
102 129
102 123
102 149
102 155
102 168
102 136
102 114
102 104
102 144
102 151
102 105
102 166
102 170
102 138
102 131
165 181
165 168
165 166
165 170
150 152
150 181
150 162
150 153
150 154
150 159
150 155
150 168
150 151
150 166
150 170
150 165
169 181
169 170
184 235
140 141
140 152
140 181
140 147
140 162
140 153
140 154
140 159
140 149
140 155
140 168
140 144
140 151
140 166
140 170
140 165
140 150
140 169
140 235
140 184
164 181
164 168
164 166
164 170
164 165
164 169
164 235
164 184
161 181
161 162
161 168
161 166
161 170
161 165
161 169
161 235
161 184
161 164
192 235
226 235
142 152
142 181
142 147
142 162
142 153
142 154
142 159
142 149
142 155
142 168
142 144
142 151
142 166
142 170
142 165
142 150
142 169
142 235
142 184
142 164
142 161
142 192
142 226
124 126
124 127
124 139
124 141
124 134
124 125
124 135
124 152
124 181
124 147
124 162
124 153
124 132
124 128
124 154
124 159
124 129
124 149
124 155
124 168
124 136
124 144
124 151
124 166
124 170
124 138
124 131
124 165
124 150
124 169
124 235
124 184
124 140
124 164
124 161
124 192
124 226
124 142
117 126
117 127
117 120
117 119
117 121
117 139
117 141
117 134
117 125
117 135
117 152
117 181
117 147
117 162
117 153
117 132
117 128
117 118
117 154
117 159
117 129
117 123
117 149
117 155
117 168
117 136
117 144
117 151
117 166
117 170
117 138
117 131
117 165
117 150
117 169
117 235
117 184
117 140
117 164
117 161
117 192
117 226
117 142
117 124
122 126
122 127
122 139
122 141
122 134
122 125
122 135
122 152
122 181
122 147
122 162
122 153
122 132
122 128
122 154
122 159
122 129
122 123
122 149
122 155
122 168
122 136
122 144
122 151
122 166
122 170
122 138
122 131
122 165
122 150
122 169
122 235
122 184
122 140
122 164
122 161
122 192
122 226
122 142
122 124
216 235
216 226
103 111
103 109
103 116
103 107
103 110
103 126
103 108
103 127
103 120
103 119
103 121
103 139
103 106
103 141
103 134
103 112
103 125
103 135
103 152
103 113
103 181
103 115
103 147
103 162
103 153
103 132
103 128
103 118
103 154
103 159
103 129
103 123
103 149
103 155
103 168
103 136
103 114
103 104
103 144
103 151
103 105
103 166
103 170
103 138
103 131
103 165
103 150
103 169
103 235
103 184
103 140
103 164
103 161
103 192
103 226
103 142
103 124
103 117
103 122
103 216
190 235
190 192
190 226
190 216
160 181
160 162
160 168
160 166
160 170
160 165
160 169
160 235
160 184
160 164
160 161
160 192
160 226
160 216
160 190
180 181
180 235
180 184
180 192
180 226
180 216
180 190
179 181
179 235
179 184
179 192
179 226
179 216
179 190
179 180
175 181
175 235
175 184
175 192
175 226
175 216
175 190
175 180
175 179
148 152
148 181
148 162
148 153
148 154
148 159
148 149
148 155
148 168
148 151
148 166
148 170
148 165
148 150
148 169
148 235
148 184
148 164
148 161
148 192
148 226
148 216
148 190
148 160
148 180
148 179
148 175
82 111
82 88
82 109
82 87
82 98
82 93
82 85
82 116
82 86
82 95
82 107
82 84
82 91
82 110
82 126
82 94
82 101
82 108
82 127
82 120
82 100
82 119
82 121
82 83
82 139
82 106
82 141
82 134
82 112
82 125
82 135
82 152
82 113
82 181
82 115
82 147
82 162
82 153
82 97
82 132
82 128
82 118
82 154
82 89
82 159
82 129
82 123
82 149
82 155
82 168
82 136
82 99
82 114
82 104
82 144
82 151
82 105
82 166
82 170
82 92
82 138
82 131
82 90
82 102
82 165
82 150
82 169
82 235
82 184
82 140
82 164
82 161
82 192
82 226
82 142
82 124
82 117
82 122
82 216
82 103
82 190
82 160
82 180
82 179
82 175
82 148
143 152
143 181
143 147
143 162
143 153
143 154
143 159
143 149
143 155
143 168
143 144
143 151
143 166
143 170
143 165
143 150
143 169
143 235
143 184
143 164
143 161
143 192
143 226
143 216
143 190
143 160
143 180
143 179
143 175
143 148
130 139
130 141
130 134
130 135
130 152
130 181
130 147
130 162
130 153
130 132
130 154
130 159
130 149
130 155
130 168
130 136
130 144
130 151
130 166
130 170
130 138
130 131
130 165
130 150
130 169
130 235
130 184
130 140
130 164
130 161
130 192
130 226
130 142
130 216
130 190
130 160
130 180
130 179
130 175
130 148
130 143
96 111
96 109
96 98
96 116
96 107
96 110
96 126
96 101
96 108
96 127
96 120
96 100
96 119
96 121
96 139
96 106
96 141
96 134
96 112
96 125
96 135
96 152
96 113
96 181
96 115
96 147
96 162
96 153
96 97
96 132
96 128
96 118
96 154
96 159
96 129
96 123
96 149
96 155
96 168
96 136
96 99
96 114
96 104
96 144
96 151
96 105
96 166
96 170
96 138
96 131
96 102
96 165
96 150
96 169
96 235
96 184
96 140
96 164
96 161
96 192
96 226
96 142
96 124
96 117
96 122
96 216
96 103
96 190
96 160
96 180
96 179
96 175
96 148
96 143
96 130
145 152
145 181
145 147
145 162
145 153
145 154
145 159
145 149
145 155
145 168
145 151
145 166
145 170
145 165
145 150
145 169
145 235
145 184
145 164
145 161
145 192
145 226
145 216
145 190
145 160
145 180
145 179
145 175
145 148
133 139
133 141
133 134
133 135
133 152
133 181
133 147
133 162
133 153
133 154
133 159
133 149
133 155
133 168
133 136
133 144
133 151
133 166
133 170
133 138
133 165
133 150
133 169
133 235
133 184
133 140
133 164
133 161
133 192
133 226
133 142
133 216
133 190
133 160
133 180
133 179
133 175
133 148
133 143
133 145
195 235
195 226
195 216
156 181
156 162
156 159
156 168
156 166
156 170
156 165
156 169
156 235
156 184
156 164
156 161
156 192
156 226
156 216
156 190
156 160
156 180
156 179
156 175
156 195
178 181
178 235
178 184
178 192
178 226
178 216
178 190
178 180
178 179
178 195
176 181
176 235
176 184
176 192
176 226
176 216
176 190
176 180
176 179
176 195
176 178
187 235
187 192
187 226
187 216
187 190
187 195
158 181
158 162
158 159
158 168
158 166
158 170
158 165
158 169
158 235
158 184
158 164
158 161
158 192
158 226
158 216
158 190
158 160
158 180
158 179
158 175
158 195
158 178
158 176
158 187
193 235
193 226
193 216
193 195
230 235
194 235
194 226
194 216
194 195
194 230
177 181
177 235
177 184
177 192
177 226
177 216
177 190
177 180
177 179
177 195
177 178
177 187
177 193
177 230
177 194
173 181
173 235
173 184
173 192
173 226
173 216
173 190
173 180
173 179
173 175
173 195
173 178
173 176
173 187
173 193
173 230
173 194
173 177
167 181
167 168
167 170
167 169
167 235
167 184
167 192
167 226
167 216
167 190
167 180
167 179
167 175
167 195
167 178
167 176
167 187
167 193
167 230
167 194
167 177
167 173
201 235
201 226
201 216
201 230
137 139
137 141
137 152
137 181
137 147
137 162
137 153
137 154
137 159
137 149
137 155
137 168
137 144
137 151
137 166
137 170
137 138
137 165
137 150
137 169
137 235
137 184
137 140
137 164
137 161
137 192
137 226
137 142
137 216
137 190
137 160
137 180
137 179
137 175
137 148
137 143
137 145
137 195
137 156
137 178
137 176
137 187
137 158
137 193
137 230
137 194
137 177
137 173
137 167
137 201
137 241
182 235
182 184
182 192
182 226
182 216
182 190
182 195
182 187
182 193
182 230
182 194
182 201
182 241
163 181
163 168
163 166
163 170
163 165
163 169
163 235
163 184
163 164
163 192
163 226
163 216
163 190
163 180
163 179
163 175
163 195
163 178
163 176
163 187
163 193
163 230
163 194
163 177
163 173
163 167
163 201
163 241
163 182
206 235
206 226
206 216
206 230
206 241
214 235
214 226
214 216
214 230
214 241
146 152
146 181
146 147
146 162
146 153
146 154
146 159
146 149
146 155
146 168
146 151
146 166
146 170
146 165
146 150
146 169
146 235
146 184
146 164
146 161
146 192
146 226
146 216
146 190
146 160
146 180
146 179
146 175
146 148
146 195
146 156
146 178
146 176
146 187
146 158
146 193
146 230
146 194
146 177
146 173
146 167
146 201
146 241
146 182
146 163
146 206
146 214
239 241
231 235
231 241
231 239
203 235
203 226
203 216
203 230
203 241
203 206
203 214
203 239
203 231
205 235
205 226
205 216
205 230
205 241
205 206
205 214
205 239
205 231
186 235
186 192
186 226
186 216
186 190
186 195
186 187
186 193
186 230
186 194
186 201
186 241
186 206
186 214
186 239
186 231
186 203
186 205
171 181
171 235
171 184
171 192
171 226
171 216
171 190
171 180
171 179
171 175
171 195
171 178
171 176
171 187
171 193
171 230
171 194
171 177
171 173
171 201
171 241
171 182
171 206
171 214
171 239
171 231
171 203
171 205
171 186
191 235
191 192
191 226
191 216
191 195
191 193
191 230
191 194
191 201
191 241
191 206
191 214
191 239
191 231
191 203
191 205
211 235
211 226
211 216
211 230
211 241
211 214
211 239
211 231
219 235
219 226
219 230
219 241
219 239
219 231
219 248
188 235
188 192
188 226
188 216
188 190
188 195
188 193
188 230
188 194
188 201
188 241
188 206
188 214
188 239
188 231
188 203
188 205
188 191
188 211
188 248
188 219
189 235
189 192
189 226
189 216
189 190
189 195
189 193
189 230
189 194
189 201
189 241
189 206
189 214
189 239
189 231
189 203
189 205
189 191
189 211
189 248
189 219
233 235
233 241
233 239
233 248
196 235
196 226
196 216
196 230
196 201
196 241
196 206
196 214
196 239
196 231
196 203
196 205
196 211
196 248
196 219
196 233
204 235
204 226
204 216
204 230
204 241
204 206
204 214
204 239
204 231
204 205
204 211
204 248
204 219
204 233
200 235
200 226
200 216
200 230
200 201
200 241
200 206
200 214
200 239
200 231
200 203
200 205
200 211
200 248
200 219
200 233
200 204
224 235
224 226
224 230
224 241
224 239
224 231
224 248
224 233
207 235
207 226
207 216
207 230
207 241
207 214
207 239
207 231
207 211
207 248
207 219
207 233
207 224
202 235
202 226
202 216
202 230
202 241
202 206
202 214
202 239
202 231
202 203
202 205
202 211
202 248
202 219
202 233
202 204
202 224
202 207
210 235
210 226
210 216
210 230
210 241
210 214
210 239
210 231
210 211
210 248
210 219
210 233
210 224
242 248
208 235
208 226
208 216
208 230
208 241
208 214
208 239
208 231
208 211
208 248
208 219
208 233
208 224
208 210
208 242
157 181
157 162
157 159
157 168
157 166
157 170
157 165
157 169
157 235
157 184
157 164
157 161
157 192
157 226
157 216
157 190
157 160
157 180
157 179
157 175
157 195
157 178
157 176
157 187
157 158
157 193
157 230
157 194
157 177
157 173
157 167
157 201
157 241
157 182
157 163
157 206
157 214
157 239
157 231
157 203
157 205
157 186
157 171
157 191
157 211
157 248
157 219
157 188
157 189
157 233
157 196
157 204
157 200
157 224
157 207
157 202
157 210
157 242
157 208
185 235
185 192
185 226
185 216
185 190
185 195
185 187
185 193
185 230
185 194
185 201
185 241
185 206
185 214
185 239
185 231
185 203
185 205
185 186
185 191
185 211
185 248
185 219
185 188
185 189
185 233
185 196
185 204
185 200
185 224
185 207
185 202
185 210
185 242
185 208
172 181
172 235
172 184
172 192
172 226
172 216
172 190
172 180
172 179
172 175
172 195
172 178
172 176
172 187
172 193
172 230
172 194
172 177
172 173
172 201
172 241
172 182
172 206
172 214
172 239
172 231
172 203
172 205
172 186
172 191
172 211
172 248
172 219
172 188
172 189
172 233
172 196
172 204
172 200
172 224
172 207
172 202
172 210
172 242
172 208
172 185
228 235
228 230
228 241
228 239
228 231
228 248
228 233
228 242
228 282
183 235
183 184
183 192
183 226
183 216
183 190
183 195
183 187
183 193
183 230
183 194
183 201
183 241
183 206
183 214
183 239
183 231
183 203
183 205
183 186
183 191
183 211
183 248
183 219
183 188
183 189
183 233
183 196
183 204
183 200
183 224
183 207
183 202
183 210
183 242
183 208
183 185
183 282
183 228
220 235
220 226
220 230
220 241
220 239
220 231
220 248
220 233
220 224
220 242
220 282
220 228
260 282
237 241
237 239
237 248
237 242
237 282
237 260
263 282
263 288
197 235
197 226
197 216
197 230
197 201
197 241
197 206
197 214
197 239
197 231
197 203
197 205
197 211
197 248
197 219
197 233
197 204
197 200
197 224
197 207
197 202
197 210
197 242
197 208
197 282
197 228
197 220
197 260
197 237
197 288
197 263
267 282
267 288
267 295
174 181
174 235
174 184
174 192
174 226
174 216
174 190
174 180
174 179
174 175
174 195
174 178
174 176
174 187
174 193
174 230
174 194
174 177
174 201
174 241
174 182
174 206
174 214
174 239
174 231
174 203
174 205
174 186
174 191
174 211
174 248
174 219
174 188
174 189
174 233
174 196
174 204
174 200
174 224
174 207
174 202
174 210
174 242
174 208
174 185
174 282
174 228
174 183
174 220
174 260
174 237
174 288
174 263
174 197
174 295
174 267
218 235
218 226
218 230
218 241
218 239
218 231
218 248
218 219
218 233
218 224
218 242
218 282
218 228
218 220
218 260
218 237
218 288
218 263
218 295
218 267
243 248
243 282
243 260
243 288
243 263
243 295
243 267
227 235
227 230
227 241
227 239
227 231
227 248
227 233
227 242
227 282
227 228
227 260
227 237
227 288
227 263
227 295
227 267
227 243
199 235
199 226
199 216
199 230
199 201
199 241
199 206
199 214
199 239
199 231
199 203
199 205
199 211
199 248
199 219
199 233
199 204
199 200
199 224
199 207
199 202
199 210
199 242
199 208
199 282
199 228
199 220
199 260
199 237
199 288
199 263
199 295
199 267
199 218
199 243
199 227
236 241
236 239
236 248
236 242
236 282
236 260
236 237
236 288
236 263
236 295
236 267
236 243
262 282
262 288
262 263
262 295
262 267
232 235
232 241
232 239
232 248
232 233
232 242
232 282
232 260
232 237
232 288
232 263
232 295
232 267
232 243
232 236
232 262
271 282
271 288
271 295
212 235
212 226
212 216
212 230
212 241
212 214
212 239
212 231
212 248
212 219
212 233
212 224
212 242
212 282
212 228
212 220
212 260
212 237
212 288
212 263
212 295
212 267
212 218
212 243
212 227
212 236
212 262
212 232
212 271
284 288
284 295
249 282
249 260
249 288
249 263
249 295
249 267
249 262
249 271
249 284
258 282
258 260
258 288
258 263
258 295
258 267
258 262
258 271
258 284
258 299
229 235
229 230
229 241
229 239
229 231
229 248
229 233
229 242
229 282
229 260
229 237
229 288
229 263
229 295
229 267
229 243
229 236
229 262
229 232
229 271
229 284
229 249
229 299
229 258
275 282
275 288
275 295
275 284
275 299
259 282
259 260
259 288
259 263
259 295
259 267
259 262
259 271
259 284
259 299
259 275
255 282
255 260
255 288
255 263
255 295
255 267
255 262
255 271
255 284
255 299
255 258
255 275
255 259
215 235
215 226
215 216
215 230
215 241
215 239
215 231
215 248
215 219
215 233
215 224
215 242
215 282
215 228
215 220
215 260
215 237
215 288
215 263
215 295
215 267
215 218
215 243
215 227
215 236
215 262
215 232
215 271
215 284
215 249
215 299
215 258
215 229
215 275
215 259
215 255
276 282
276 288
276 295
276 284
276 299
276 324
225 235
225 226
225 230
225 241
225 239
225 231
225 248
225 233
225 242
225 282
225 228
225 260
225 237
225 288
225 263
225 295
225 267
225 243
225 227
225 236
225 262
225 232
225 271
225 284
225 249
225 299
225 258
225 229
225 275
225 259
225 255
225 324
225 276
221 235
221 226
221 230
221 241
221 239
221 231
221 248
221 233
221 224
221 242
221 282
221 228
221 260
221 237
221 288
221 263
221 295
221 267
221 243
221 227
221 236
221 262
221 232
221 271
221 284
221 249
221 299
221 258
221 229
221 275
221 259
221 255
221 324
221 276
221 225
269 282
269 288
269 295
269 271
269 284
269 299
269 275
269 324
269 276
213 235
213 226
213 216
213 230
213 241
213 214
213 239
213 231
213 248
213 219
213 233
213 224
213 242
213 282
213 228
213 220
213 260
213 237
213 288
213 263
213 295
213 267
213 218
213 243
213 227
213 236
213 262
213 232
213 271
213 284
213 249
213 299
213 258
213 229
213 275
213 259
213 255
213 215
213 324
213 276
213 225
213 221
213 269
285 288
285 295
285 299
285 324
244 248
244 282
244 260
244 288
244 263
244 295
244 267
244 262
244 271
244 284
244 249
244 299
244 258
244 275
244 259
244 255
244 324
244 276
244 269
244 285
244 345
217 235
217 226
217 230
217 241
217 239
217 231
217 248
217 219
217 233
217 224
217 242
217 282
217 228
217 220
217 260
217 237
217 288
217 263
217 295
217 267
217 218
217 243
217 227
217 236
217 262
217 232
217 271
217 284
217 249
217 299
217 258
217 229
217 275
217 259
217 255
217 324
217 276
217 225
217 221
217 269
217 285
217 345
217 244
247 248
247 282
247 260
247 288
247 263
247 295
247 267
247 262
247 271
247 284
247 249
247 299
247 258
247 275
247 259
247 255
247 324
247 276
247 269
247 285
247 345
327 345
223 235
223 226
223 230
223 241
223 239
223 231
223 248
223 233
223 224
223 242
223 282
223 228
223 260
223 237
223 288
223 263
223 295
223 267
223 243
223 227
223 236
223 262
223 232
223 271
223 284
223 249
223 299
223 258
223 229
223 275
223 259
223 255
223 324
223 276
223 225
223 269
223 285
223 345
223 244
223 247
223 327
266 282
266 288
266 295
266 267
266 271
266 284
266 299
266 275
266 324
266 276
266 269
266 285
266 345
266 327
251 282
251 260
251 288
251 263
251 295
251 267
251 262
251 271
251 284
251 299
251 258
251 275
251 259
251 255
251 324
251 276
251 269
251 285
251 345
251 327
251 266
198 235
198 226
198 216
198 230
198 201
198 241
198 206
198 214
198 239
198 231
198 203
198 205
198 211
198 248
198 219
198 233
198 204
198 200
198 224
198 207
198 202
198 210
198 242
198 208
198 282
198 228
198 220
198 260
198 237
198 288
198 263
198 295
198 267
198 218
198 243
198 227
198 199
198 236
198 262
198 232
198 271
198 212
198 284
198 249
198 299
198 258
198 229
198 275
198 259
198 255
198 215
198 324
198 276
198 225
198 221
198 269
198 213
198 285
198 345
198 244
198 217
198 247
198 327
198 223
198 266
198 251
281 282
281 288
281 295
281 284
281 299
281 324
281 285
281 345
281 327
308 324
308 345
308 327
240 241
240 248
240 242
240 282
240 260
240 288
240 263
240 295
240 267
240 243
240 262
240 271
240 284
240 249
240 299
240 258
240 275
240 259
240 255
240 324
240 276
240 269
240 285
240 345
240 244
240 247
240 327
240 266
240 251
240 281
240 308
270 282
270 288
270 295
270 271
270 284
270 299
270 275
270 324
270 276
270 285
270 345
270 327
270 281
270 308
293 295
293 299
293 324
293 345
293 327
293 308
296 299
296 324
296 345
296 327
296 308
292 295
292 299
292 324
292 345
292 327
292 308
292 293
292 296
252 282
252 260
252 288
252 263
252 295
252 267
252 262
252 271
252 284
252 299
252 258
252 275
252 259
252 255
252 324
252 276
252 269
252 285
252 345
252 327
252 266
252 281
252 308
252 270
252 293
252 296
252 292
298 299
298 324
298 345
298 327
298 308
222 235
222 226
222 230
222 241
222 239
222 231
222 248
222 233
222 224
222 242
222 282
222 228
222 260
222 237
222 288
222 263
222 295
222 267
222 243
222 227
222 236
222 262
222 232
222 271
222 284
222 249
222 299
222 258
222 229
222 275
222 259
222 255
222 324
222 276
222 225
222 269
222 285
222 345
222 244
222 247
222 327
222 223
222 266
222 251
222 281
222 308
222 240
222 270
222 293
222 296
222 292
222 252
222 298
268 282
268 288
268 295
268 271
268 284
268 299
268 275
268 324
268 276
268 269
268 285
268 345
268 327
268 281
268 308
268 270
268 293
268 296
268 292
268 298
234 235
234 241
234 239
234 248
234 242
234 282
234 260
234 237
234 288
234 263
234 295
234 267
234 243
234 236
234 262
234 271
234 284
234 249
234 299
234 258
234 275
234 259
234 255
234 324
234 276
234 269
234 285
234 345
234 244
234 247
234 327
234 266
234 251
234 281
234 308
234 240
234 270
234 293
234 296
234 292
234 252
234 298
234 268
256 282
256 260
256 288
256 263
256 295
256 267
256 262
256 271
256 284
256 299
256 258
256 275
256 259
256 324
256 276
256 269
256 285
256 345
256 327
256 266
256 281
256 308
256 270
256 293
256 296
256 292
256 298
256 268
289 295
289 299
289 324
289 345
289 327
289 308
289 293
289 296
289 292
289 298
253 282
253 260
253 288
253 263
253 295
253 267
253 262
253 271
253 284
253 299
253 258
253 275
253 259
253 255
253 324
253 276
253 269
253 285
253 345
253 327
253 266
253 281
253 308
253 270
253 293
253 296
253 292
253 298
253 268
253 256
253 289
335 345
291 295
291 299
291 324
291 345
291 327
291 308
291 293
291 296
291 292
291 298
291 335
274 282
274 288
274 295
274 284
274 299
274 275
274 324
274 276
274 285
274 345
274 327
274 281
274 308
274 293
274 296
274 292
274 298
274 289
274 335
274 291
301 324
301 345
301 327
301 308
301 335
319 324
319 345
319 327
319 335
277 282
277 288
277 295
277 284
277 299
277 324
277 285
277 345
277 327
277 281
277 308
277 293
277 296
277 292
277 298
277 289
277 335
277 291
277 301
277 319
257 282
257 260
257 288
257 263
257 295
257 267
257 262
257 271
257 284
257 299
257 258
257 275
257 259
257 324
257 276
257 269
257 285
257 345
257 327
257 266
257 281
257 308
257 270
257 293
257 296
257 292
257 298
257 268
257 289
257 335
257 291
257 274
257 301
257 319
257 277
334 345
334 335
273 282
273 288
273 295
273 284
273 299
273 275
273 324
273 276
273 285
273 345
273 327
273 281
273 308
273 293
273 296
273 292
273 298
273 289
273 335
273 291
273 274
273 301
273 319
273 277
273 334
278 282
278 288
278 295
278 284
278 299
278 324
278 285
278 345
278 327
278 281
278 308
278 293
278 296
278 292
278 298
278 289
278 335
278 291
278 301
278 319
278 334
294 295
294 299
294 324
294 345
294 327
294 308
294 296
294 298
294 335
294 301
294 319
294 334
261 282
261 288
261 263
261 295
261 267
261 262
261 271
261 284
261 299
261 275
261 324
261 276
261 269
261 285
261 345
261 327
261 266
261 281
261 308
261 270
261 293
261 296
261 292
261 298
261 268
261 289
261 335
261 291
261 274
261 301
261 319
261 277
261 334
261 273
261 278
261 294
265 282
265 288
265 295
265 267
265 271
265 284
265 299
265 275
265 324
265 276
265 269
265 285
265 345
265 327
265 266
265 281
265 308
265 270
265 293
265 296
265 292
265 298
265 268
265 289
265 335
265 291
265 274
265 301
265 319
265 277
265 334
265 273
265 278
265 294
265 352
342 345
342 352
245 248
245 282
245 260
245 288
245 263
245 295
245 267
245 262
245 271
245 284
245 249
245 299
245 258
245 275
245 259
245 255
245 324
245 276
245 269
245 285
245 345
245 247
245 327
245 266
245 251
245 281
245 308
245 270
245 293
245 296
245 292
245 252
245 298
245 268
245 256
245 289
245 253
245 335
245 291
245 274
245 301
245 319
245 277
245 257
245 334
245 273
245 278
245 294
245 261
245 352
245 265
245 342
317 324
317 345
317 327
317 335
317 319
317 334
317 352
317 342
238 241
238 239
238 248
238 242
238 282
238 260
238 288
238 263
238 295
238 267
238 243
238 262
238 271
238 284
238 249
238 299
238 258
238 275
238 259
238 255
238 324
238 276
238 269
238 285
238 345
238 244
238 247
238 327
238 266
238 251
238 281
238 308
238 240
238 270
238 293
238 296
238 292
238 252
238 298
238 268
238 256
238 289
238 253
238 335
238 291
238 274
238 301
238 319
238 277
238 257
238 334
238 273
238 278
238 294
238 261
238 352
238 265
238 342
238 245
238 317
287 288
287 295
287 299
287 324
287 345
287 327
287 308
287 293
287 296
287 292
287 298
287 289
287 335
287 291
287 301
287 319
287 334
287 294
287 352
287 342
287 317
344 345
344 352
254 282
254 260
254 288
254 263
254 295
254 267
254 262
254 271
254 284
254 299
254 258
254 275
254 259
254 255
254 324
254 276
254 269
254 285
254 345
254 327
254 266
254 281
254 308
254 270
254 293
254 296
254 292
254 298
254 268
254 256
254 289
254 335
254 291
254 274
254 301
254 319
254 277
254 257
254 334
254 273
254 278
254 294
254 261
254 352
254 265
254 342
254 317
254 287
254 344
209 235
209 226
209 216
209 230
209 241
209 214
209 239
209 231
209 211
209 248
209 219
209 233
209 224
209 210
209 242
209 282
209 228
209 220
209 260
209 237
209 288
209 263
209 295
209 267
209 218
209 243
209 227
209 236
209 262
209 232
209 271
209 212
209 284
209 249
209 299
209 258
209 229
209 275
209 259
209 255
209 215
209 324
209 276
209 225
209 221
209 269
209 213
209 285
209 345
209 244
209 217
209 247
209 327
209 223
209 266
209 251
209 281
209 308
209 240
209 270
209 293
209 296
209 292
209 252
209 298
209 222
209 268
209 234
209 256
209 289
209 253
209 335
209 291
209 274
209 301
209 319
209 277
209 257
209 334
209 273
209 278
209 294
209 261
209 352
209 265
209 342
209 245
209 317
209 238
209 287
209 344
209 254
333 345
333 335
333 334
333 352
333 342
333 344
297 299
297 324
297 345
297 327
297 308
297 298
297 335
297 301
297 319
297 334
297 352
297 342
297 317
297 344
297 333
279 282
279 288
279 295
279 284
279 299
279 324
279 285
279 345
279 327
279 281
279 308
279 293
279 296
279 292
279 298
279 289
279 335
279 291
279 301
279 319
279 334
279 294
279 352
279 342
279 317
279 287
279 344
279 333
279 297
303 324
303 345
303 327
303 308
303 335
303 319
303 334
303 352
303 342
303 317
303 344
303 333
311 324
311 345
311 327
311 335
311 319
311 334
311 352
311 342
311 317
311 344
311 333
290 295
290 299
290 324
290 345
290 327
290 308
290 293
290 296
290 292
290 298
290 335
290 291
290 301
290 319
290 334
290 294
290 352
290 342
290 317
290 344
290 333
290 297
290 303
290 311
314 324
314 345
314 327
314 335
314 319
314 334
314 352
314 342
314 317
314 344
314 333
307 324
307 345
307 327
307 308
307 335
307 319
307 334
307 352
307 342
307 317
307 344
307 333
307 311
307 314
300 324
300 345
300 327
300 308
300 335
300 301
300 319
300 334
300 352
300 342
300 317
300 344
300 333
300 303
300 311
300 314
300 307
264 282
264 288
264 295
264 267
264 271
264 284
264 299
264 275
264 324
264 276
264 269
264 285
264 345
264 327
264 266
264 281
264 308
264 270
264 293
264 296
264 292
264 298
264 268
264 289
264 335
264 291
264 274
264 301
264 319
264 277
264 334
264 273
264 278
264 294
264 352
264 265
264 342
264 317
264 287
264 344
264 333
264 297
264 279
264 303
264 311
264 290
264 314
264 307
264 300
339 345
339 352
339 342
339 344
326 345
326 327
326 335
326 334
326 352
326 342
326 344
326 333
326 339
343 345
343 352
343 344
340 345
340 352
340 342
340 344
340 343
250 282
250 260
250 288
250 263
250 295
250 267
250 262
250 271
250 284
250 299
250 258
250 275
250 259
250 255
250 324
250 276
250 269
250 285
250 345
250 327
250 266
250 251
250 281
250 308
250 270
250 293
250 296
250 292
250 252
250 298
250 268
250 256
250 289
250 253
250 335
250 291
250 274
250 301
250 319
250 277
250 257
250 334
250 273
250 278
250 294
250 261
250 352
250 265
250 342
250 317
250 287
250 344
250 254
250 333
250 297
250 279
250 303
250 311
250 290
250 314
250 307
250 300
250 264
250 339
250 326
250 343
250 340
304 324
304 345
304 327
304 308
304 335
304 319
304 334
304 352
304 342
304 317
304 344
304 333
304 311
304 314
304 307
304 339
304 326
304 343
304 340
306 324
306 345
306 327
306 308
306 335
306 319
306 334
306 352
306 342
306 317
306 344
306 333
306 311
306 314
306 307
306 339
306 326
306 343
306 340
323 324
323 345
323 327
323 335
323 334
323 352
323 342
323 344
323 333
323 339
323 326
323 343
323 340
286 288
286 295
286 299
286 324
286 345
286 327
286 308
286 293
286 296
286 292
286 298
286 289
286 335
286 291
286 301
286 319
286 334
286 294
286 352
286 342
286 317
286 287
286 344
286 333
286 297
286 303
286 311
286 290
286 314
286 307
286 300
286 339
286 326
286 343
286 340
286 304
286 306
286 323
325 345
325 327
325 335
325 334
325 352
325 342
325 344
325 333
325 339
325 326
325 343
325 340
246 248
246 282
246 260
246 288
246 263
246 295
246 267
246 262
246 271
246 284
246 249
246 299
246 258
246 275
246 259
246 255
246 324
246 276
246 269
246 285
246 345
246 247
246 327
246 266
246 251
246 281
246 308
246 270
246 293
246 296
246 292
246 252
246 298
246 268
246 256
246 289
246 253
246 335
246 291
246 274
246 301
246 319
246 277
246 257
246 334
246 273
246 278
246 294
246 261
246 352
246 265
246 342
246 317
246 287
246 344
246 254
246 333
246 297
246 279
246 303
246 311
246 290
246 314
246 307
246 300
246 264
246 339
246 326
246 343
246 340
246 250
246 304
246 306
246 323
246 286
246 325
283 288
283 295
283 284
283 299
283 324
283 285
283 345
283 327
283 308
283 293
283 296
283 292
283 298
283 289
283 335
283 291
283 301
283 319
283 334
283 294
283 352
283 342
283 317
283 287
283 344
283 333
283 297
283 303
283 311
283 290
283 314
283 307
283 300
283 339
283 326
283 343
283 340
283 304
283 306
283 323
283 286
283 325
283 365
302 324
302 345
302 327
302 308
302 335
302 319
302 334
302 352
302 342
302 317
302 344
302 333
302 303
302 311
302 314
302 307
302 339
302 326
302 343
302 340
302 304
302 306
302 323
302 325
302 365
316 324
316 345
316 327
316 335
316 319
316 334
316 352
316 342
316 317
316 344
316 333
316 339
316 326
316 343
316 340
316 323
316 325
316 365
350 352
350 365
318 324
318 345
318 327
318 335
318 319
318 334
318 352
318 342
318 344
318 333
318 339
318 326
318 343
318 340
318 323
318 325
318 365
318 350
318 373
330 345
330 335
330 334
330 352
330 342
330 344
330 333
330 339
330 343
330 340
330 365
330 350
330 373
328 345
328 335
328 334
328 352
328 342
328 344
328 333
328 339
328 343
328 340
328 365
328 350
328 373
328 330
349 352
349 365
349 350
349 373
337 345
337 352
337 342
337 344
337 339
337 343
337 340
337 365
337 350
337 373
337 349
272 282
272 288
272 295
272 284
272 299
272 275
272 324
272 276
272 285
272 345
272 327
272 281
272 308
272 293
272 296
272 292
272 298
272 289
272 335
272 291
272 274
272 301
272 319
272 277
272 334
272 273
272 278
272 294
272 352
272 342
272 317
272 287
272 344
272 333
272 297
272 279
272 303
272 311
272 290
272 314
272 307
272 300
272 339
272 326
272 343
272 340
272 304
272 306
272 323
272 286
272 325
272 365
272 283
272 302
272 316
272 350
272 373
272 318
272 330
272 328
272 349
272 337
321 324
321 345
321 327
321 335
321 334
321 352
321 342
321 344
321 333
321 339
321 326
321 343
321 340
321 323
321 325
321 365
321 350
321 373
321 330
321 328
321 349
321 337
309 324
309 345
309 327
309 335
309 319
309 334
309 352
309 342
309 317
309 344
309 333
309 311
309 314
309 339
309 326
309 343
309 340
309 323
309 325
309 365
309 316
309 350
309 373
309 318
309 330
309 328
309 349
309 337
309 321
332 345
332 335
332 334
332 352
332 342
332 344
332 333
332 339
332 343
332 340
332 365
332 350
332 373
332 349
332 337
280 282
280 288
280 295
280 284
280 299
280 324
280 285
280 345
280 327
280 281
280 308
280 293
280 296
280 292
280 298
280 289
280 335
280 291
280 301
280 319
280 334
280 294
280 352
280 342
280 317
280 287
280 344
280 333
280 297
280 303
280 311
280 290
280 314
280 307
280 300
280 339
280 326
280 343
280 340
280 304
280 306
280 323
280 286
280 325
280 365
280 283
280 302
280 316
280 350
280 373
280 318
280 330
280 328
280 349
280 337
280 321
280 309
280 332
310 324
310 345
310 327
310 335
310 319
310 334
310 352
310 342
310 317
310 344
310 333
310 311
310 314
310 339
310 326
310 343
310 340
310 323
310 325
310 365
310 316
310 350
310 373
310 318
310 330
310 328
310 349
310 337
310 321
310 332
331 345
331 335
331 334
331 352
331 342
331 344
331 333
331 339
331 343
331 340
331 365
331 350
331 373
331 349
331 337
331 332
341 345
341 352
341 342
341 344
341 343
341 365
341 350
341 373
341 349
341 379
375 379
357 365
357 373
357 379
357 375
356 365
356 373
356 379
356 375
356 357
338 345
338 352
338 342
338 344
338 339
338 343
338 340
338 365
338 350
338 373
338 349
338 379
338 341
338 375
338 357
338 356
370 373
370 379
370 375
336 345
336 352
336 342
336 344
336 339
336 343
336 340
336 365
336 350
336 373
336 349
336 337
336 379
336 341
336 375
336 357
336 356
336 338
336 370
380 436
360 365
360 373
360 379
360 375
360 370
360 436
360 380
355 365
355 373
355 379
355 375
355 357
355 356
355 370
355 436
355 380
355 360
312 324
312 345
312 327
312 335
312 319
312 334
312 352
312 342
312 317
312 344
312 333
312 314
312 339
312 326
312 343
312 340
312 323
312 325
312 365
312 316
312 350
312 373
312 318
312 330
312 328
312 349
312 337
312 321
312 332
312 331
312 379
312 341
312 375
312 357
312 356
312 338
312 370
312 336
312 436
312 380
312 360
312 355
361 365
361 373
361 379
361 375
361 370
361 436
361 380
305 324
305 345
305 327
305 308
305 335
305 319
305 334
305 352
305 342
305 317
305 344
305 333
305 311
305 314
305 307
305 339
305 326
305 343
305 340
305 306
305 323
305 325
305 365
305 316
305 350
305 373
305 318
305 330
305 328
305 349
305 337
305 321
305 309
305 332
305 310
305 331
305 379
305 341
305 375
305 357
305 356
305 338
305 370
305 336
305 436
305 380
305 360
305 355
305 312
305 361
315 324
315 345
315 327
315 335
315 319
315 334
315 352
315 342
315 317
315 344
315 333
315 339
315 326
315 343
315 340
315 323
315 325
315 365
315 316
315 350
315 373
315 318
315 330
315 328
315 349
315 337
315 321
315 332
315 331
315 379
315 341
315 375
315 357
315 356
315 338
315 370
315 336
315 436
315 380
315 360
315 355
315 361
364 365
364 373
364 379
364 375
364 370
364 436
364 380
386 436
387 436
320 324
320 345
320 327
320 335
320 334
320 352
320 342
320 344
320 333
320 339
320 326
320 343
320 340
320 323
320 325
320 365
320 350
320 373
320 330
320 328
320 349
320 337
320 321
320 332
320 331
320 379
320 341
320 375
320 357
320 356
320 338
320 370
320 336
320 436
320 380
320 360
320 355
320 361
320 364
320 386
320 387
329 345
329 335
329 334
329 352
329 342
329 344
329 333
329 339
329 343
329 340
329 365
329 350
329 373
329 330
329 349
329 337
329 332
329 331
329 379
329 341
329 375
329 357
329 356
329 338
329 370
329 336
329 436
329 380
329 360
329 355
329 361
329 364
329 386
329 387
394 436
378 379
378 436
378 380
378 386
378 387
378 394
369 373
369 379
369 375
369 370
369 436
369 380
369 386
369 387
369 394
369 378
421 436
388 436
388 394
388 421
399 436
399 421
358 365
358 373
358 379
358 375
358 370
358 436
358 380
358 360
358 361
358 364
358 386
358 387
358 394
358 378
358 369
358 421
358 388
358 399
348 352
348 365
348 350
348 373
348 349
348 379
348 375
348 357
348 356
348 370
348 436
348 380
348 360
348 355
348 361
348 364
348 386
348 387
348 394
348 378
348 369
348 421
348 388
348 399
348 358
417 436
417 421
313 324
313 345
313 327
313 335
313 319
313 334
313 352
313 342
313 317
313 344
313 333
313 314
313 339
313 326
313 343
313 340
313 323
313 325
313 365
313 316
313 350
313 373
313 318
313 330
313 328
313 349
313 337
313 321
313 332
313 331
313 379
313 341
313 375
313 357
313 356
313 338
313 370
313 336
313 436
313 380
313 360
313 355
313 361
313 315
313 364
313 386
313 387
313 320
313 329
313 394
313 378
313 369
313 421
313 388
313 399
313 358
313 348
313 417
368 373
368 379
368 375
368 370
368 436
368 380
368 386
368 387
368 394
368 378
368 369
368 421
368 388
368 399
368 417
408 436
408 421
408 417
397 436
397 421
397 399
397 417
397 408
367 373
367 379
367 375
367 370
367 436
367 380
367 386
367 387
367 394
367 378
367 369
367 421
367 388
367 399
367 417
367 368
367 408
367 397
398 436
398 421
398 399
398 417
398 408
322 324
322 345
322 327
322 335
322 334
322 352
322 342
322 344
322 333
322 339
322 326
322 343
322 340
322 323
322 325
322 365
322 350
322 373
322 330
322 328
322 349
322 337
322 332
322 331
322 379
322 341
322 375
322 357
322 356
322 338
322 370
322 336
322 436
322 380
322 360
322 355
322 361
322 364
322 386
322 387
322 329
322 394
322 378
322 369
322 421
322 388
322 399
322 358
322 348
322 417
322 368
322 408
322 397
322 367
322 398
351 352
351 365
351 373
351 379
351 375
351 357
351 356
351 370
351 436
351 380
351 360
351 355
351 361
351 364
351 386
351 387
351 394
351 378
351 369
351 421
351 388
351 399
351 358
351 417
351 368
351 408
351 397
351 367
351 398
384 436
384 386
384 387
384 394
384 421
384 388
384 399
384 417
384 408
384 397
384 398
429 436
414 436
414 421
414 417
414 429
346 352
346 365
346 350
346 373
346 349
346 379
346 375
346 357
346 356
346 370
346 436
346 380
346 360
346 355
346 361
346 364
346 386
346 387
346 394
346 378
346 369
346 421
346 388
346 399
346 358
346 348
346 417
346 368
346 408
346 397
346 367
346 398
346 351
346 384
346 429
346 414
359 365
359 373
359 379
359 375
359 370
359 436
359 380
359 360
359 361
359 364
359 386
359 387
359 394
359 378
359 369
359 421
359 388
359 399
359 417
359 368
359 408
359 397
359 367
359 398
359 384
359 429
359 414
353 365
353 373
353 379
353 375
353 357
353 356
353 370
353 436
353 380
353 360
353 355
353 361
353 364
353 386
353 387
353 394
353 378
353 369
353 421
353 388
353 399
353 358
353 417
353 368
353 408
353 397
353 367
353 398
353 384
353 429
353 414
353 359
407 436
407 421
407 417
407 408
407 429
407 414
366 373
366 379
366 375
366 370
366 436
366 380
366 386
366 387
366 394
366 378
366 369
366 421
366 388
366 399
366 417
366 368
366 408
366 397
366 367
366 398
366 384
366 429
366 414
366 407
381 436
381 386
381 387
381 394
381 421
381 388
381 399
381 417
381 408
381 397
381 398
381 384
381 429
381 414
381 407
393 436
393 394
393 421
393 399
393 417
393 408
393 397
393 398
393 429
393 414
393 407
374 379
374 375
374 436
374 380
374 386
374 387
374 394
374 378
374 421
374 388
374 399
374 417
374 408
374 397
374 398
374 384
374 429
374 414
374 407
374 381
374 393
354 365
354 373
354 379
354 375
354 357
354 356
354 370
354 436
354 380
354 360
354 355
354 361
354 364
354 386
354 387
354 394
354 378
354 369
354 421
354 388
354 399
354 358
354 417
354 368
354 408
354 397
354 367
354 398
354 384
354 429
354 414
354 359
354 407
354 366
354 381
354 393
354 374
419 436
419 421
419 429
347 352
347 365
347 350
347 373
347 349
347 379
347 375
347 357
347 356
347 370
347 436
347 380
347 360
347 355
347 361
347 364
347 386
347 387
347 394
347 378
347 369
347 421
347 388
347 399
347 358
347 348
347 417
347 368
347 408
347 397
347 367
347 398
347 351
347 384
347 429
347 414
347 359
347 353
347 407
347 366
347 381
347 393
347 374
347 354
347 419
396 436
396 421
396 399
396 417
396 408
396 397
396 398
396 429
396 414
396 407
396 419
420 436
420 421
420 429
372 373
372 379
372 375
372 436
372 380
372 386
372 387
372 394
372 378
372 421
372 388
372 399
372 417
372 408
372 397
372 398
372 384
372 429
372 414
372 407
372 381
372 393
372 374
372 419
372 396
372 420
385 436
385 386
385 387
385 394
385 421
385 388
385 399
385 417
385 408
385 397
385 398
385 429
385 414
385 407
385 393
385 419
385 396
385 420
382 436
382 386
382 387
382 394
382 421
382 388
382 399
382 417
382 408
382 397
382 398
382 384
382 429
382 414
382 407
382 393
382 419
382 396
382 420
382 385
422 436
422 429
395 436
395 421
395 399
395 417
395 408
395 397
395 398
395 429
395 414
395 407
395 419
395 396
395 420
395 422
418 436
418 421
418 429
418 419
418 420
418 422
418 437
410 436
410 421
410 417
410 429
410 414
410 419
410 420
410 422
410 437
410 418
376 379
376 436
376 380
376 386
376 387
376 394
376 378
376 421
376 388
376 399
376 417
376 408
376 397
376 398
376 384
376 429
376 414
376 407
376 381
376 393
376 419
376 396
376 420
376 385
376 382
376 422
376 395
376 437
376 418
376 410
377 379
377 436
377 380
377 386
377 387
377 394
377 378
377 421
377 388
377 399
377 417
377 408
377 397
377 398
377 384
377 429
377 414
377 407
377 381
377 393
377 419
377 396
377 420
377 385
377 382
377 422
377 395
377 437
377 418
377 410
363 365
363 373
363 379
363 375
363 370
363 436
363 380
363 364
363 386
363 387
363 394
363 378
363 369
363 421
363 388
363 399
363 417
363 368
363 408
363 397
363 367
363 398
363 384
363 429
363 414
363 407
363 366
363 381
363 393
363 374
363 419
363 396
363 420
363 372
363 385
363 382
363 422
363 395
363 437
363 418
363 410
363 376
363 377
400 436
400 421
400 417
400 408
400 429
400 414
400 407
400 419
400 420
400 422
400 437
400 418
400 410
430 436
430 437
411 436
411 421
411 417
411 429
411 414
411 419
411 420
411 422
411 437
411 418
411 430
391 436
391 394
391 421
391 399
391 417
391 408
391 397
391 398
391 429
391 414
391 407
391 393
391 419
391 396
391 420
391 422
391 395
391 437
391 418
391 410
391 400
391 430
391 411
433 436
433 437
423 436
423 429
423 437
423 430
423 433
415 436
415 421
415 417
415 429
415 419
415 420
415 422
415 437
415 418
415 430
415 433
415 423
389 436
389 394
389 421
389 399
389 417
389 408
389 397
389 398
389 429
389 414
389 407
389 393
389 419
389 396
389 420
389 422
389 395
389 437
389 418
389 410
389 400
389 430
389 411
389 391
389 433
389 423
389 415
435 436
435 437
401 436
401 421
401 417
401 408
401 429
401 414
401 407
401 419
401 420
401 422
401 437
401 418
401 410
401 430
401 411
401 433
401 423
401 415
401 435
439 450
362 365
362 373
362 379
362 375
362 370
362 436
362 380
362 364
362 386
362 387
362 394
362 378
362 369
362 421
362 388
362 399
362 417
362 368
362 408
362 397
362 367
362 398
362 384
362 429
362 414
362 407
362 366
362 381
362 393
362 374
362 419
362 396
362 420
362 372
362 385
362 382
362 422
362 395
362 437
362 418
362 410
362 376
362 377
362 363
362 400
362 430
362 411
362 391
362 433
362 423
362 415
362 389
362 435
362 401
362 450
362 439
362 465
409 436
409 421
409 417
409 429
409 414
409 419
409 420
409 422
409 437
409 418
409 410
409 430
409 411
409 433
409 423
409 415
409 435
409 450
409 439
409 465
416 436
416 421
416 417
416 429
416 419
416 420
416 422
416 437
416 418
416 430
416 433
416 423
416 435
416 450
416 439
416 465
416 481
371 373
371 379
371 375
371 436
371 380
371 386
371 387
371 394
371 378
371 421
371 388
371 399
371 417
371 408
371 397
371 398
371 384
371 429
371 414
371 407
371 381
371 393
371 374
371 419
371 396
371 420
371 372
371 385
371 382
371 422
371 395
371 437
371 418
371 410
371 376
371 377
371 400
371 430
371 411
371 391
371 433
371 423
371 415
371 389
371 435
371 401
371 450
371 439
371 465
371 409
371 481
371 416
405 436
405 421
405 417
405 408
405 429
405 414
405 407
405 419
405 420
405 422
405 437
405 418
405 410
405 430
405 411
405 433
405 423
405 415
405 435
405 450
405 439
405 465
405 409
405 481
405 416
442 450
442 465
442 481
442 524
412 436
412 421
412 417
412 429
412 414
412 419
412 420
412 422
412 437
412 418
412 430
412 433
412 423
412 415
412 435
412 450
412 439
412 465
412 481
412 416
412 524
412 442
413 436
413 421
413 417
413 429
413 414
413 419
413 420
413 422
413 437
413 418
413 430
413 433
413 423
413 415
413 435
413 450
413 439
413 465
413 481
413 416
413 524
413 442
390 436
390 394
390 421
390 399
390 417
390 408
390 397
390 398
390 429
390 414
390 407
390 393
390 419
390 396
390 420
390 422
390 395
390 437
390 418
390 410
390 400
390 430
390 411
390 391
390 433
390 423
390 415
390 435
390 401
390 450
390 439
390 465
390 409
390 481
390 416
390 405
390 524
390 442
390 412
390 413
404 436
404 421
404 417
404 408
404 429
404 414
404 407
404 419
404 420
404 422
404 437
404 418
404 410
404 430
404 411
404 433
404 423
404 415
404 435
404 450
404 439
404 465
404 409
404 481
404 416
404 405
404 524
404 442
404 412
404 413
457 465
457 481
457 524
392 436
392 394
392 421
392 399
392 417
392 408
392 397
392 398
392 429
392 414
392 407
392 393
392 419
392 396
392 420
392 422
392 395
392 437
392 418
392 410
392 400
392 430
392 411
392 433
392 423
392 415
392 435
392 401
392 450
392 439
392 465
392 409
392 481
392 416
392 405
392 524
392 442
392 412
392 413
392 404
392 457
462 465
462 481
462 524
451 465
451 481
451 524
451 457
451 462
427 436
427 429
427 437
427 430
427 433
427 435
427 450
427 439
427 465
427 481
427 524
427 442
427 457
427 462
427 451
406 436
406 421
406 417
406 408
406 429
406 414
406 407
406 419
406 420
406 422
406 437
406 418
406 410
406 430
406 411
406 433
406 423
406 415
406 435
406 450
406 439
406 465
406 409
406 481
406 416
406 524
406 442
406 412
406 413
406 457
406 462
406 451
406 427
455 465
455 481
455 524
455 457
455 462
440 450
440 465
440 481
440 524
440 442
440 457
440 462
440 451
440 455
474 481
474 524
474 548
432 436
432 437
432 433
432 435
432 450
432 439
432 465
432 481
432 524
432 442
432 457
432 462
432 451
432 455
432 440
432 548
432 474
468 481
468 524
468 548
468 474
425 436
425 429
425 437
425 430
425 433
425 435
425 450
425 439
425 465
425 481
425 524
425 442
425 457
425 462
425 451
425 427
425 455
425 440
425 548
425 474
425 432
425 468
459 465
459 481
459 524
459 462
459 548
459 474
459 468
428 436
428 429
428 437
428 430
428 433
428 435
428 450
428 439
428 465
428 481
428 524
428 442
428 457
428 462
428 451
428 455
428 440
428 548
428 474
428 432
428 468
428 459
434 436
434 437
434 435
434 450
434 439
434 465
434 481
434 524
434 442
434 457
434 462
434 451
434 455
434 440
434 548
434 474
434 468
434 459
383 436
383 386
383 387
383 394
383 421
383 388
383 399
383 417
383 408
383 397
383 398
383 384
383 429
383 414
383 407
383 393
383 419
383 396
383 420
383 385
383 422
383 395
383 437
383 418
383 410
383 400
383 430
383 411
383 391
383 433
383 423
383 415
383 389
383 435
383 401
383 450
383 439
383 465
383 409
383 481
383 416
383 405
383 524
383 442
383 412
383 413
383 390
383 404
383 457
383 392
383 462
383 451
383 427
383 406
383 455
383 440
383 548
383 474
383 432
383 468
383 425
383 459
383 428
383 434
469 481
469 524
469 548
469 474
403 436
403 421
403 417
403 408
403 429
403 414
403 407
403 419
403 420
403 422
403 437
403 418
403 410
403 430
403 411
403 433
403 423
403 415
403 435
403 450
403 439
403 465
403 409
403 481
403 416
403 405
403 524
403 442
403 412
403 413
403 404
403 457
403 462
403 451
403 427
403 406
403 455
403 440
403 548
403 474
403 432
403 468
403 425
403 459
403 428
403 434
403 469
447 450
447 465
447 481
447 524
447 457
447 462
447 451
447 455
447 548
447 474
447 468
447 459
447 469
452 465
452 481
452 524
452 457
452 462
452 455
452 548
452 474
452 468
452 459
452 469
402 436
402 421
402 417
402 408
402 429
402 414
402 407
402 419
402 420
402 422
402 437
402 418
402 410
402 430
402 411
402 433
402 423
402 415
402 435
402 450
402 439
402 465
402 409
402 481
402 416
402 405
402 524
402 442
402 412
402 413
402 404
402 457
402 462
402 451
402 427
402 406
402 455
402 440
402 548
402 474
402 432
402 468
402 425
402 459
402 428
402 434
402 469
402 403
402 447
402 452
461 465
461 481
461 524
461 462
461 548
461 474
461 468
461 469
483 524
483 548
456 465
456 481
456 524
456 457
456 462
456 548
456 474
456 468
456 459
456 469
456 461
456 483
448 450
448 465
448 481
448 524
448 457
448 462
448 451
448 455
448 548
448 474
448 468
448 459
448 469
448 452
448 461
448 483
448 456
426 436
426 429
426 437
426 430
426 433
426 435
426 450
426 439
426 465
426 481
426 524
426 442
426 457
426 462
426 451
426 427
426 455
426 440
426 548
426 474
426 432
426 468
426 459
426 428
426 434
426 469
426 447
426 452
426 461
426 483
426 456
426 448
479 481
479 524
479 548
479 483
441 450
441 465
441 481
441 524
441 442
441 457
441 462
441 451
441 455
441 548
441 474
441 468
441 459
441 469
441 447
441 452
441 461
441 483
441 456
441 448
441 479
494 524
494 548
454 465
454 481
454 524
454 457
454 462
454 455
454 548
454 474
454 468
454 459
454 469
454 461
454 483
454 456
454 479
454 494
520 524
520 548
466 481
466 524
466 548
466 474
466 468
466 469
466 483
466 479
466 494
466 520
515 524
515 548
515 520
444 450
444 465
444 481
444 524
444 457
444 462
444 451
444 455
444 548
444 474
444 468
444 459
444 469
444 447
444 452
444 461
444 483
444 456
444 448
444 479
444 494
444 454
444 520
444 466
444 515
458 465
458 481
458 524
458 462
458 548
458 474
458 468
458 459
458 469
458 461
458 483
458 479
458 494
458 520
458 466
458 515
460 465
460 481
460 524
460 462
460 548
460 474
460 468
460 469
460 461
460 483
460 479
460 494
460 520
460 466
460 515
490 524
490 548
490 494
490 520
490 515
464 465
464 481
464 524
464 548
464 474
464 468
464 469
464 483
464 479
464 494
464 520
464 466
464 515
464 490
512 524
512 548
512 520
512 515
499 524
499 548
499 520
499 515
499 512
463 465
463 481
463 524
463 548
463 474
463 468
463 469
463 483
463 479
463 494
463 520
463 466
463 515
463 490
463 464
463 512
463 499
424 436
424 429
424 437
424 430
424 433
424 435
424 450
424 439
424 465
424 481
424 524
424 442
424 457
424 462
424 451
424 427
424 455
424 440
424 548
424 474
424 432
424 468
424 425
424 459
424 428
424 434
424 469
424 447
424 452
424 461
424 483
424 456
424 448
424 426
424 479
424 441
424 494
424 454
424 520
424 466
424 515
424 444
424 458
424 460
424 490
424 464
424 512
424 499
424 463
443 450
443 465
443 481
443 524
443 457
443 462
443 451
443 455
443 548
443 474
443 468
443 459
443 469
443 447
443 452
443 461
443 483
443 456
443 448
443 479
443 494
443 454
443 520
443 466
443 515
443 444
443 458
443 460
443 490
443 464
443 512
443 499
443 463
493 524
493 548
493 494
493 520
493 515
493 512
493 499
486 524
486 548
486 494
486 520
486 515
486 490
486 512
486 499
486 493
485 524
485 548
485 494
485 520
485 515
485 490
485 512
485 499
485 493
485 486
470 481
470 524
470 548
470 474
470 483
470 479
470 494
470 520
470 515
470 490
470 512
470 499
470 493
470 486
470 485
446 450
446 465
446 481
446 524
446 457
446 462
446 451
446 455
446 548
446 474
446 468
446 459
446 469
446 447
446 452
446 461
446 483
446 456
446 448
446 479
446 494
446 454
446 520
446 466
446 515
446 458
446 460
446 490
446 464
446 512
446 499
446 463
446 493
446 486
446 485
446 470
431 436
431 437
431 433
431 435
431 450
431 439
431 465
431 481
431 524
431 442
431 457
431 462
431 451
431 455
431 440
431 548
431 474
431 432
431 468
431 459
431 434
431 469
431 447
431 452
431 461
431 483
431 456
431 448
431 479
431 441
431 494
431 454
431 520
431 466
431 515
431 444
431 458
431 460
431 490
431 464
431 512
431 499
431 463
431 443
431 493
431 486
431 485
431 470
431 446
477 481
477 524
477 548
477 483
477 479
477 494
477 520
477 515
477 490
477 512
477 499
477 493
477 486
477 485
488 524
488 548
488 494
488 520
488 515
488 490
488 512
488 499
488 493
527 548
438 450
438 439
438 465
438 481
438 524
438 442
438 457
438 462
438 451
438 455
438 440
438 548
438 474
438 468
438 459
438 469
438 447
438 452
438 461
438 483
438 456
438 448
438 479
438 441
438 494
438 454
438 520
438 466
438 515
438 444
438 458
438 460
438 490
438 464
438 512
438 499
438 463
438 443
438 493
438 486
438 485
438 470
438 446
438 477
438 488
438 527
518 524
518 548
518 520
518 527
508 524
508 548
508 520
508 515
508 512
508 527
508 518
475 481
475 524
475 548
475 483
475 479
475 494
475 520
475 515
475 490
475 512
475 499
475 493
475 486
475 485
475 477
475 488
475 527
475 518
475 508
498 524
498 548
498 520
498 515
498 512
498 499
498 527
498 518
498 508
472 481
472 524
472 548
472 474
472 483
472 479
472 494
472 520
472 515
472 490
472 512
472 499
472 493
472 486
472 485
472 477
472 488
472 527
472 518
472 508
472 475
472 498
478 481
478 524
478 548
478 483
478 479
478 494
478 520
478 515
478 490
478 512
478 499
478 493
478 486
478 485
478 488
478 527
478 518
478 508
478 498
507 524
507 548
507 520
507 515
507 512
507 527
507 518
507 508
522 524
522 548
522 527
505 524
505 548
505 520
505 515
505 512
505 527
505 518
505 508
505 507
505 522
496 524
496 548
496 520
496 515
496 512
496 499
496 527
496 518
496 508
496 498
496 507
496 522
496 505
511 524
511 548
511 520
511 515
511 512
511 527
511 518
511 522
501 524
501 548
501 520
501 515
501 512
501 527
501 518
501 508
501 507
501 522
501 505
501 511
495 524
495 548
495 520
495 515
495 512
495 499
495 527
495 518
495 508
495 498
495 507
495 522
495 505
495 496
495 511
495 501
546 548
497 524
497 548
497 520
497 515
497 512
497 499
497 527
497 518
497 508
497 498
497 507
497 522
497 505
497 511
497 501
497 546
531 548
531 546
471 481
471 524
471 548
471 474
471 483
471 479
471 494
471 520
471 515
471 490
471 512
471 499
471 493
471 486
471 485
471 477
471 488
471 527
471 518
471 508
471 475
471 498
471 472
471 478
471 507
471 522
471 505
471 496
471 511
471 501
471 495
471 546
471 497
471 531
529 548
529 546
529 531
467 481
467 524
467 548
467 474
467 468
467 469
467 483
467 479
467 494
467 520
467 515
467 490
467 512
467 499
467 493
467 486
467 485
467 470
467 477
467 488
467 527
467 518
467 508
467 475
467 498
467 472
467 478
467 507
467 522
467 505
467 496
467 511
467 501
467 495
467 546
467 497
467 531
467 471
467 529
506 524
506 548
506 520
506 515
506 512
506 527
506 518
506 508
506 507
506 522
506 511
506 546
506 531
506 529
533 548
533 546
473 481
473 524
473 548
473 474
473 483
473 479
473 494
473 520
473 515
473 490
473 512
473 499
473 493
473 486
473 485
473 477
473 488
473 527
473 518
473 508
473 475
473 498
473 478
473 507
473 522
473 505
473 496
473 511
473 501
473 495
473 546
473 497
473 531
473 529
473 506
473 533
484 524
484 548
484 494
484 520
484 515
484 490
484 512
484 499
484 493
484 486
484 485
484 488
484 527
484 518
484 508
484 498
484 507
484 522
484 505
484 496
484 511
484 501
484 495
484 546
484 497
484 531
484 529
484 506
484 533
545 548
545 546
476 481
476 524
476 548
476 483
476 479
476 494
476 520
476 515
476 490
476 512
476 499
476 493
476 486
476 485
476 477
476 488
476 527
476 518
476 508
476 498
476 478
476 507
476 522
476 505
476 496
476 511
476 501
476 495
476 546
476 497
476 531
476 529
476 506
476 533
476 484
476 545
445 450
445 465
445 481
445 524
445 457
445 462
445 451
445 455
445 548
445 474
445 468
445 459
445 469
445 447
445 452
445 461
445 483
445 456
445 448
445 479
445 494
445 454
445 520
445 466
445 515
445 458
445 460
445 490
445 464
445 512
445 499
445 463
445 493
445 486
445 485
445 470
445 446
445 477
445 488
445 527
445 518
445 508
445 475
445 498
445 472
445 478
445 507
445 522
445 505
445 496
445 511
445 501
445 495
445 546
445 497
445 531
445 471
445 529
445 467
445 506
445 533
445 473
445 484
445 545
445 476
453 465
453 481
453 524
453 457
453 462
453 455
453 548
453 474
453 468
453 459
453 469
453 461
453 483
453 456
453 479
453 494
453 454
453 520
453 466
453 515
453 458
453 460
453 490
453 464
453 512
453 499
453 463
453 493
453 486
453 485
453 470
453 477
453 488
453 527
453 518
453 508
453 475
453 498
453 472
453 478
453 507
453 522
453 505
453 496
453 511
453 501
453 495
453 546
453 497
453 531
453 471
453 529
453 467
453 506
453 533
453 473
453 484
453 545
453 476
500 524
500 548
500 520
500 515
500 512
500 527
500 518
500 508
500 507
500 522
500 505
500 511
500 501
500 546
500 531
500 529
500 506
500 533
500 545
492 524
492 548
492 494
492 520
492 515
492 512
492 499
492 493
492 527
492 518
492 508
492 498
492 507
492 522
492 505
492 496
492 511
492 501
492 495
492 546
492 497
492 531
492 529
492 506
492 533
492 545
492 500
492 550
489 524
489 548
489 494
489 520
489 515
489 490
489 512
489 499
489 493
489 527
489 518
489 508
489 498
489 507
489 522
489 505
489 496
489 511
489 501
489 495
489 546
489 497
489 531
489 529
489 506
489 533
489 545
489 500
489 550
489 492
489 553
489 554
489 557
503 524
503 548
503 520
503 515
503 512
503 527
503 518
503 508
503 507
503 522
503 505
503 511
503 546
503 531
503 529
503 506
503 533
503 545
503 550
503 553
503 554
503 557
532 548
532 546
532 533
532 545
532 550
532 553
532 554
532 557
551 553
551 554
551 557
449 450
449 465
449 481
449 524
449 457
449 462
449 451
449 455
449 548
449 474
449 468
449 459
449 469
449 452
449 461
449 483
449 456
449 479
449 494
449 454
449 520
449 466
449 515
449 458
449 460
449 490
449 464
449 512
449 499
449 463
449 493
449 486
449 485
449 470
449 477
449 488
449 527
449 518
449 508
449 475
449 498
449 472
449 478
449 507
449 522
449 505
449 496
449 511
449 501
449 495
449 546
449 497
449 531
449 471
449 529
449 467
449 506
449 533
449 473
449 484
449 545
449 476
449 453
449 500
449 550
449 492
449 553
449 554
449 557
449 489
449 503
449 532
449 551
504 524
504 548
504 520
504 515
504 512
504 527
504 518
504 508
504 507
504 522
504 505
504 511
504 546
504 531
504 529
504 506
504 533
504 545
504 550
504 553
504 554
504 557
504 532
504 551
537 548
537 546
537 545
537 550
537 553
537 554
537 557
537 551
539 548
539 546
539 545
539 550
539 553
539 554
539 557
539 551
538 548
538 546
538 545
538 550
538 553
538 554
538 557
538 551
538 539
549 550
549 553
549 554
549 557
549 551
552 553
552 554
552 557
542 548
542 546
542 545
542 550
542 553
542 554
542 557
542 551
542 549
542 552
542 560
509 524
509 548
509 520
509 515
509 512
509 527
509 518
509 522
509 511
509 546
509 531
509 529
509 533
509 545
509 550
509 553
509 554
509 557
509 532
509 551
509 537
509 539
509 538
509 549
509 552
509 560
509 542
526 548
526 527
526 546
526 531
526 529
526 533
526 545
526 550
526 553
526 554
526 557
526 532
526 551
526 537
526 539
526 538
526 549
526 552
526 560
526 542
482 524
482 548
482 483
482 494
482 520
482 515
482 490
482 512
482 499
482 493
482 486
482 485
482 488
482 527
482 518
482 508
482 498
482 507
482 522
482 505
482 496
482 511
482 501
482 495
482 546
482 497
482 531
482 529
482 506
482 533
482 484
482 545
482 500
482 550
482 492
482 553
482 554
482 557
482 489
482 503
482 532
482 551
482 504
482 537
482 539
482 538
482 549
482 552
482 560
482 542
482 509
482 526
544 548
544 546
544 545
544 550
544 553
544 554
544 557
544 551
544 549
544 552
544 560
519 524
519 548
519 520
519 527
519 522
519 546
519 531
519 529
519 533
519 545
519 550
519 553
519 554
519 557
519 532
519 551
519 537
519 539
519 538
519 549
519 552
519 560
519 542
519 526
519 544
491 524
491 548
491 494
491 520
491 515
491 512
491 499
491 493
491 527
491 518
491 508
491 498
491 507
491 522
491 505
491 496
491 511
491 501
491 495
491 546
491 497
491 531
491 529
491 506
491 533
491 545
491 500
491 550
491 492
491 553
491 554
491 557
491 503
491 532
491 551
491 504
491 537
491 539
491 538
491 549
491 552
491 560
491 542
491 509
491 526
491 544
491 519
514 524
514 548
514 520
514 515
514 527
514 518
514 522
514 546
514 531
514 529
514 533
514 545
514 550
514 553
514 554
514 557
514 532
514 551
514 537
514 539
514 538
514 549
514 552
514 560
514 542
514 526
514 544
514 519
535 548
535 546
535 545
535 550
535 553
535 554
535 557
535 551
535 537
535 539
535 538
535 549
535 552
535 560
535 542
535 544
523 524
523 548
523 527
523 546
523 531
523 529
523 533
523 545
523 550
523 553
523 554
523 557
523 532
523 551
523 537
523 539
523 538
523 549
523 552
523 560
523 542
523 526
523 544
523 535
530 548
530 546
530 531
530 533
530 545
530 550
530 553
530 554
530 557
530 532
530 551
530 537
530 539
530 538
530 549
530 552
530 560
530 542
530 544
530 535
517 524
517 548
517 520
517 527
517 518
517 522
517 546
517 531
517 529
517 533
517 545
517 550
517 553
517 554
517 557
517 532
517 551
517 537
517 539
517 538
517 549
517 552
517 560
517 542
517 526
517 544
517 519
517 535
517 523
517 530
528 548
528 546
528 531
528 529
528 533
528 545
528 550
528 553
528 554
528 557
528 532
528 551
528 537
528 539
528 538
528 549
528 552
528 560
528 542
528 544
528 535
528 530
487 524
487 548
487 494
487 520
487 515
487 490
487 512
487 499
487 493
487 488
487 527
487 518
487 508
487 498
487 507
487 522
487 505
487 496
487 511
487 501
487 495
487 546
487 497
487 531
487 529
487 506
487 533
487 545
487 500
487 550
487 492
487 553
487 554
487 557
487 489
487 503
487 532
487 551
487 504
487 537
487 539
487 538
487 549
487 552
487 560
487 542
487 509
487 526
487 544
487 519
487 491
487 514
487 535
487 523
487 530
487 517
487 528
516 524
516 548
516 520
516 527
516 518
516 522
516 546
516 531
516 529
516 533
516 545
516 550
516 553
516 554
516 557
516 532
516 551
516 537
516 539
516 538
516 549
516 552
516 560
516 542
516 526
516 544
516 519
516 535
516 523
516 530
516 517
516 528
558 560
480 481
480 524
480 548
480 483
480 494
480 520
480 515
480 490
480 512
480 499
480 493
480 486
480 485
480 488
480 527
480 518
480 508
480 498
480 507
480 522
480 505
480 496
480 511
480 501
480 495
480 546
480 497
480 531
480 529
480 506
480 533
480 484
480 545
480 500
480 550
480 492
480 553
480 554
480 557
480 489
480 503
480 532
480 551
480 504
480 537
480 539
480 538
480 549
480 552
480 560
480 542
480 509
480 526
480 482
480 544
480 519
480 491
480 514
480 535
480 523
480 530
480 517
480 528
480 487
480 516
480 558
502 524
502 548
502 520
502 515
502 512
502 527
502 518
502 508
502 507
502 522
502 505
502 511
502 546
502 531
502 529
502 506
502 533
502 545
502 550
502 553
502 554
502 557
502 503
502 532
502 551
502 504
502 537
502 539
502 538
502 549
502 552
502 560
502 542
502 509
502 526
502 544
502 519
502 514
502 535
502 523
502 530
502 517
502 528
502 516
502 558
540 548
540 546
540 545
540 550
540 553
540 554
540 557
540 551
540 549
540 552
540 560
540 542
540 544
540 558
536 548
536 546
536 545
536 550
536 553
536 554
536 557
536 551
536 537
536 539
536 538
536 549
536 552
536 560
536 542
536 544
536 558
536 540
541 548
541 546
541 545
541 550
541 553
541 554
541 557
541 551
541 549
541 552
541 560
541 542
541 544
541 558
513 524
513 548
513 520
513 515
513 527
513 518
513 522
513 546
513 531
513 529
513 533
513 545
513 550
513 553
513 554
513 557
513 532
513 551
513 537
513 539
513 538
513 549
513 552
513 560
513 542
513 526
513 544
513 519
513 514
513 535
513 523
513 530
513 517
513 528
513 516
513 558
513 540
513 536
513 541
543 548
543 546
543 545
543 550
543 553
543 554
543 557
543 551
543 549
543 552
543 560
543 544
543 558
547 548
547 550
547 553
547 554
547 557
547 551
547 549
547 552
547 560
547 558
555 557
555 560
555 558
510 524
510 548
510 520
510 515
510 512
510 527
510 518
510 522
510 511
510 546
510 531
510 529
510 533
510 545
510 550
510 553
510 554
510 557
510 532
510 551
510 537
510 539
510 538
510 549
510 552
510 560
510 542
510 526
510 544
510 519
510 514
510 535
510 523
510 530
510 517
510 528
510 516
510 558
510 540
510 536
510 541
510 513
510 543
510 547
510 555
521 524
521 548
521 527
521 522
521 546
521 531
521 529
521 533
521 545
521 550
521 553
521 554
521 557
521 532
521 551
521 537
521 539
521 538
521 549
521 552
521 560
521 542
521 526
521 544
521 535
521 523
521 530
521 528
521 558
521 540
521 536
521 541
521 543
521 547
521 555
525 548
525 527
525 546
525 531
525 529
525 533
525 545
525 550
525 553
525 554
525 557
525 532
525 551
525 537
525 539
525 538
525 549
525 552
525 560
525 542
525 526
525 544
525 535
525 530
525 528
525 558
525 540
525 536
525 541
525 543
525 547
525 555
556 557
556 560
556 558
559 560
534 548
534 546
534 545
534 550
534 553
534 554
534 557
534 551
534 537
534 539
534 538
534 549
534 552
534 560
534 542
534 544
534 535
534 558
534 540
534 536
534 541
534 543
534 547
534 555
534 556
534 559
