456 10000
10 57
10 79
11 57
11 79
44 57
44 79
72 79
34 57
34 79
34 44
34 72
68 79
68 72
62 79
62 72
62 68
53 57
53 79
53 72
53 68
53 62
58 79
58 72
58 68
58 62
4 57
4 79
4 10
4 11
4 44
4 72
4 34
4 68
4 62
4 53
4 58
35 57
35 79
35 44
35 72
35 68
35 62
35 53
35 58
28 57
28 79
28 44
28 72
28 34
28 68
28 62
28 53
28 58
28 35
42 57
42 79
42 44
42 72
42 68
42 62
42 53
42 58
16 57
16 79
16 44
16 72
16 34
16 68
16 62
16 53
16 58
16 35
16 28
16 42
33 57
33 79
33 44
33 72
33 34
33 68
33 62
33 53
33 58
33 35
33 42
15 57
15 79
15 44
15 72
15 34
15 68
15 62
15 53
15 58
15 35
15 28
15 42
15 16
15 33
30 57
30 79
30 44
30 72
30 34
30 68
30 62
30 53
30 58
30 35
30 42
30 33
51 57
51 79
51 72
51 68
51 62
51 53
51 58
36 57
36 79
36 44
36 72
36 68
36 62
36 53
36 58
36 42
36 51
5 57
5 79
5 10
5 11
5 44
5 72
5 34
5 68
5 62
5 53
5 58
5 35
5 28
5 42
5 16
5 33
5 15
5 30
5 51
5 36
20 57
20 79
20 44
20 72
20 34
20 68
20 62
20 53
20 58
20 35
20 28
20 42
20 33
20 30
20 51
20 36
32 57
32 79
32 44
32 72
32 34
32 68
32 62
32 53
32 58
32 35
32 42
32 33
32 51
32 36
49 57
49 79
49 72
49 68
49 62
49 53
49 58
49 51
6 57
6 79
6 10
6 11
6 44
6 72
6 34
6 68
6 62
6 53
6 58
6 35
6 28
6 42
6 16
6 33
6 15
6 30
6 51
6 36
6 20
6 32
6 49
13 57
13 79
13 44
13 72
13 34
13 68
13 62
13 53
13 58
13 35
13 28
13 42
13 16
13 33
13 15
13 30
13 51
13 36
13 20
13 32
13 49
39 57
39 79
39 44
39 72
39 68
39 62
39 53
39 58
39 42
39 51
39 49
39 81
2 57
2 79
2 10
2 11
2 44
2 72
2 34
2 68
2 62
2 53
2 58
2 4
2 35
2 28
2 42
2 16
2 33
2 15
2 30
2 51
2 36
2 5
2 20
2 32
2 49
2 6
2 13
2 81
2 39
2 98
2 136
43 57
43 79
43 44
43 72
43 68
43 62
43 53
43 58
43 51
43 49
43 81
43 98
43 136
31 57
31 79
31 44
31 72
31 34
31 68
31 62
31 53
31 58
31 35
31 42
31 33
31 51
31 36
31 32
31 49
31 81
31 39
31 98
31 136
31 43
8 57
8 79
8 10
8 11
8 44
8 72
8 34
8 68
8 62
8 53
8 58
8 35
8 28
8 42
8 16
8 33
8 15
8 30
8 51
8 36
8 20
8 32
8 49
8 13
8 81
8 39
8 98
8 136
8 43
8 31
99 136
56 57
56 79
56 72
56 68
56 62
56 58
56 81
56 98
56 136
56 99
21 57
21 79
21 44
21 72
21 34
21 68
21 62
21 53
21 58
21 35
21 28
21 42
21 33
21 30
21 51
21 36
21 32
21 49
21 81
21 39
21 98
21 136
21 43
21 31
21 99
21 56
12 57
12 79
12 44
12 72
12 34
12 68
12 62
12 53
12 58
12 35
12 28
12 42
12 16
12 33
12 15
12 30
12 51
12 36
12 20
12 32
12 49
12 13
12 81
12 39
12 98
12 136
12 43
12 31
12 99
12 56
12 21
40 57
40 79
40 44
40 72
40 68
40 62
40 53
40 58
40 42
40 51
40 49
40 81
40 98
40 136
40 43
40 99
40 56
103 136
23 57
23 79
23 44
23 72
23 34
23 68
23 62
23 53
23 58
23 35
23 28
23 42
23 33
23 30
23 51
23 36
23 32
23 49
23 81
23 39
23 98
23 136
23 43
23 31
23 99
23 56
23 40
23 103
26 57
26 79
26 44
26 72
26 34
26 68
26 62
26 53
26 58
26 35
26 28
26 42
26 33
26 30
26 51
26 36
26 32
26 49
26 81
26 39
26 98
26 136
26 43
26 31
26 99
26 56
26 40
26 103
121 136
19 57
19 79
19 44
19 72
19 34
19 68
19 62
19 53
19 58
19 35
19 28
19 42
19 33
19 30
19 51
19 36
19 20
19 32
19 49
19 81
19 39
19 98
19 136
19 43
19 31
19 99
19 56
19 21
19 40
19 103
19 23
19 26
19 121
64 79
64 72
64 68
64 81
64 98
64 136
64 99
64 103
64 121
3 57
3 79
3 10
3 11
3 44
3 72
3 34
3 68
3 62
3 53
3 58
3 4
3 35
3 28
3 42
3 16
3 33
3 15
3 30
3 51
3 36
3 5
3 20
3 32
3 49
3 6
3 13
3 81
3 39
3 98
3 136
3 43
3 31
3 8
3 99
3 56
3 21
3 12
3 40
3 103
3 23
3 26
3 121
3 19
3 64
78 79
78 81
78 98
78 136
78 99
78 103
78 121
132 136
7 57
7 79
7 10
7 11
7 44
7 72
7 34
7 68
7 62
7 53
7 58
7 35
7 28
7 42
7 16
7 33
7 15
7 30
7 51
7 36
7 20
7 32
7 49
7 13
7 81
7 39
7 98
7 136
7 43
7 31
7 8
7 99
7 56
7 21
7 12
7 40
7 103
7 23
7 26
7 121
7 19
7 64
7 78
7 132
123 136
123 132
50 57
50 79
50 72
50 68
50 62
50 53
50 58
50 51
50 81
50 98
50 136
50 99
50 56
50 103
50 121
50 64
50 78
50 132
50 123
17 57
17 79
17 44
17 72
17 34
17 68
17 62
17 53
17 58
17 35
17 28
17 42
17 33
17 30
17 51
17 36
17 20
17 32
17 49
17 81
17 39
17 98
17 136
17 43
17 31
17 99
17 56
17 21
17 40
17 103
17 23
17 26
17 121
17 19
17 64
17 78
17 132
17 123
17 50
22 57
22 79
22 44
22 72
22 34
22 68
22 62
22 53
22 58
22 35
22 28
22 42
22 33
22 30
22 51
22 36
22 32
22 49
22 81
22 39
22 98
22 136
22 43
22 31
22 99
22 56
22 40
22 103
22 23
22 26
22 121
22 64
22 78
22 132
22 123
22 50
111 136
111 121
111 132
111 123
46 57
46 79
46 72
46 68
46 62
46 53
46 58
46 51
46 49
46 81
46 98
46 136
46 99
46 56
46 103
46 121
46 64
46 78
46 132
46 123
46 50
46 111
45 57
45 79
45 72
45 68
45 62
45 53
45 58
45 51
45 49
45 81
45 98
45 136
45 99
45 56
45 103
45 121
45 64
45 78
45 132
45 123
45 50
45 111
45 46
59 79
59 72
59 68
59 62
59 81
59 98
59 136
59 99
59 103
59 121
59 64
59 78
59 132
59 123
59 111
29 57
29 79
29 44
29 72
29 34
29 68
29 62
29 53
29 58
29 35
29 42
29 33
29 30
29 51
29 36
29 32
29 49
29 81
29 39
29 98
29 136
29 43
29 31
29 99
29 56
29 40
29 103
29 121
29 64
29 78
29 132
29 123
29 50
29 111
29 46
29 45
29 59
47 57
47 79
47 72
47 68
47 62
47 53
47 58
47 51
47 49
47 81
47 98
47 136
47 99
47 56
47 103
47 121
47 64
47 78
47 132
47 123
47 50
47 111
47 59
54 57
54 79
54 72
54 68
54 62
54 58
54 81
54 98
54 136
54 99
54 56
54 103
54 121
54 64
54 78
54 132
54 123
54 111
54 59
24 57
24 79
24 44
24 72
24 34
24 68
24 62
24 53
24 58
24 35
24 28
24 42
24 33
24 30
24 51
24 36
24 32
24 49
24 81
24 39
24 98
24 136
24 43
24 31
24 99
24 56
24 40
24 103
24 26
24 121
24 64
24 78
24 132
24 123
24 50
24 111
24 46
24 45
24 59
24 29
24 47
24 54
115 136
115 121
115 132
115 123
41 57
41 79
41 44
41 72
41 68
41 62
41 53
41 58
41 42
41 51
41 49
41 81
41 98
41 136
41 43
41 99
41 56
41 103
41 121
41 64
41 78
41 132
41 123
41 50
41 111
41 46
41 45
41 59
41 47
41 54
41 115
100 136
100 103
100 121
100 132
100 123
100 111
100 115
101 136
101 103
101 121
101 132
101 123
101 111
101 115
37 57
37 79
37 44
37 72
37 68
37 62
37 53
37 58
37 42
37 51
37 49
37 81
37 39
37 98
37 136
37 43
37 99
37 56
37 40
37 103
37 121
37 64
37 78
37 132
37 123
37 50
37 111
37 46
37 45
37 59
37 47
37 54
37 115
37 41
37 100
37 101
60 79
60 72
60 68
60 62
60 81
60 98
60 136
60 99
60 103
60 121
60 64
60 78
60 132
60 123
60 111
60 115
60 100
60 101
91 98
91 136
91 99
91 103
91 121
91 132
91 123
91 111
91 115
91 100
91 101
1 57
1 79
1 10
1 11
1 44
1 72
1 34
1 68
1 62
1 53
1 58
1 4
1 35
1 28
1 42
1 16
1 33
1 15
1 30
1 51
1 36
1 5
1 20
1 32
1 49
1 6
1 13
1 81
1 39
1 98
1 136
1 2
1 43
1 31
1 8
1 99
1 56
1 21
1 12
1 40
1 103
1 23
1 26
1 121
1 19
1 64
1 3
1 78
1 132
1 7
1 123
1 50
1 17
1 22
1 111
1 46
1 45
1 59
1 29
1 47
1 54
1 24
1 115
1 41
1 100
1 101
1 37
1 60
1 91
55 57
55 79
55 72
55 68
55 62
55 58
55 81
55 98
55 136
55 99
55 56
55 103
55 121
55 64
55 78
55 132
55 123
55 111
55 59
55 115
55 100
55 101
55 60
55 91
63 79
63 72
63 68
63 81
63 98
63 136
63 99
63 103
63 121
63 64
63 78
63 132
63 123
63 111
63 115
63 100
63 101
63 91
119 136
119 121
119 132
119 123
105 136
105 121
105 132
105 123
105 111
105 115
105 119
76 79
76 81
76 98
76 136
76 99
76 103
76 121
76 78
76 132
76 123
76 111
76 115
76 100
76 101
76 91
76 119
76 105
9 57
9 79
9 10
9 11
9 44
9 72
9 34
9 68
9 62
9 53
9 58
9 35
9 28
9 42
9 16
9 33
9 15
9 30
9 51
9 36
9 20
9 32
9 49
9 13
9 81
9 39
9 98
9 136
9 43
9 31
9 99
9 56
9 21
9 12
9 40
9 103
9 23
9 26
9 121
9 19
9 64
9 78
9 132
9 123
9 50
9 17
9 22
9 111
9 46
9 45
9 59
9 29
9 47
9 54
9 24
9 115
9 41
9 100
9 101
9 37
9 60
9 91
9 55
9 63
9 119
9 105
9 76
14 57
14 79
14 44
14 72
14 34
14 68
14 62
14 53
14 58
14 35
14 28
14 42
14 16
14 33
14 15
14 30
14 51
14 36
14 20
14 32
14 49
14 81
14 39
14 98
14 136
14 43
14 31
14 99
14 56
14 21
14 40
14 103
14 23
14 26
14 121
14 19
14 64
14 78
14 132
14 123
14 50
14 17
14 22
14 111
14 46
14 45
14 59
14 29
14 47
14 54
14 24
14 115
14 41
14 100
14 101
14 37
14 60
14 91
14 55
14 63
14 119
14 105
14 76
77 79
77 81
77 98
77 136
77 99
77 103
77 121
77 78
77 132
77 123
77 111
77 115
77 100
77 101
77 91
77 119
77 105
97 98
97 136
97 99
97 103
97 121
97 132
97 123
97 111
97 115
97 100
97 101
97 119
97 105
97 159
138 159
48 57
48 79
48 72
48 68
48 62
48 53
48 58
48 51
48 49
48 81
48 98
48 136
48 99
48 56
48 103
48 121
48 64
48 78
48 132
48 123
48 50
48 111
48 59
48 54
48 115
48 100
48 101
48 60
48 91
48 55
48 63
48 119
48 105
48 76
48 77
48 159
48 97
48 138
73 79
73 81
73 98
73 136
73 99
73 103
73 121
73 78
73 132
73 123
73 111
73 115
73 100
73 101
73 91
73 119
73 105
73 76
73 77
73 159
73 97
73 138
73 171
80 81
80 98
80 136
80 99
80 103
80 121
80 132
80 123
80 111
80 115
80 100
80 101
80 91
80 119
80 105
80 159
80 97
80 138
80 171
82 98
82 136
82 99
82 103
82 121
82 132
82 123
82 111
82 115
82 100
82 101
82 91
82 119
82 105
82 159
82 97
82 138
82 171
27 57
27 79
27 44
27 72
27 34
27 68
27 62
27 53
27 58
27 35
27 28
27 42
27 33
27 30
27 51
27 36
27 32
27 49
27 81
27 39
27 98
27 136
27 43
27 31
27 99
27 56
27 40
27 103
27 121
27 64
27 78
27 132
27 123
27 50
27 111
27 46
27 45
27 59
27 29
27 47
27 54
27 115
27 41
27 100
27 101
27 37
27 60
27 91
27 55
27 63
27 119
27 105
27 76
27 77
27 159
27 97
27 138
27 48
27 171
27 73
27 80
27 82
65 79
65 72
65 68
65 81
65 98
65 136
65 99
65 103
65 121
65 78
65 132
65 123
65 111
65 115
65 100
65 101
65 91
65 119
65 105
65 76
65 77
65 159
65 97
65 138
65 171
65 73
65 80
65 82
74 79
74 81
74 98
74 136
74 99
74 103
74 121
74 78
74 132
74 123
74 111
74 115
74 100
74 101
74 91
74 119
74 105
74 76
74 77
74 159
74 97
74 138
74 171
74 80
74 82
61 79
61 72
61 68
61 62
61 81
61 98
61 136
61 99
61 103
61 121
61 64
61 78
61 132
61 123
61 111
61 115
61 100
61 101
61 91
61 63
61 119
61 105
61 76
61 77
61 159
61 97
61 138
61 171
61 73
61 80
61 82
61 65
61 74
110 136
110 121
110 132
110 123
110 111
110 115
110 119
110 159
110 138
110 171
67 79
67 72
67 68
67 81
67 98
67 136
67 99
67 103
67 121
67 78
67 132
67 123
67 111
67 115
67 100
67 101
67 91
67 119
67 105
67 76
67 77
67 159
67 97
67 138
67 171
67 73
67 80
67 82
67 74
67 110
150 159
150 171
124 136
124 132
124 159
124 138
124 171
124 150
75 79
75 81
75 98
75 136
75 99
75 103
75 121
75 78
75 132
75 123
75 111
75 115
75 100
75 101
75 91
75 119
75 105
75 76
75 77
75 159
75 97
75 138
75 171
75 80
75 82
75 110
75 150
75 124
94 98
94 136
94 99
94 103
94 121
94 132
94 123
94 111
94 115
94 100
94 101
94 119
94 105
94 159
94 97
94 138
94 171
94 110
94 150
94 124
70 79
70 72
70 81
70 98
70 136
70 99
70 103
70 121
70 78
70 132
70 123
70 111
70 115
70 100
70 101
70 91
70 119
70 105
70 76
70 77
70 159
70 97
70 138
70 171
70 73
70 80
70 82
70 74
70 110
70 150
70 124
70 75
70 94
52 57
52 79
52 72
52 68
52 62
52 53
52 58
52 81
52 98
52 136
52 99
52 56
52 103
52 121
52 64
52 78
52 132
52 123
52 111
52 59
52 54
52 115
52 100
52 101
52 60
52 91
52 55
52 63
52 119
52 105
52 76
52 77
52 159
52 97
52 138
52 171
52 73
52 80
52 82
52 65
52 74
52 61
52 110
52 67
52 150
52 124
52 75
52 94
52 70
89 98
89 136
89 99
89 103
89 121
89 132
89 123
89 111
89 115
89 100
89 101
89 91
89 119
89 105
89 159
89 97
89 138
89 171
89 110
89 150
89 124
89 94
92 98
92 136
92 99
92 103
92 121
92 132
92 123
92 111
92 115
92 100
92 101
92 119
92 105
92 159
92 97
92 138
92 171
92 110
92 150
92 124
92 94
116 136
116 121
116 132
116 123
116 119
116 159
116 138
116 171
116 150
116 124
38 57
38 79
38 44
38 72
38 68
38 62
38 53
38 58
38 42
38 51
38 49
38 81
38 39
38 98
38 136
38 43
38 99
38 56
38 40
38 103
38 121
38 64
38 78
38 132
38 123
38 50
38 111
38 46
38 45
38 59
38 47
38 54
38 115
38 41
38 100
38 101
38 60
38 91
38 55
38 63
38 119
38 105
38 76
38 77
38 159
38 97
38 138
38 48
38 171
38 73
38 80
38 82
38 65
38 74
38 61
38 110
38 67
38 150
38 124
38 75
38 94
38 70
38 52
38 89
38 92
38 116
84 98
84 136
84 99
84 103
84 121
84 132
84 123
84 111
84 115
84 100
84 101
84 91
84 119
84 105
84 159
84 97
84 138
84 171
84 110
84 150
84 124
84 94
84 89
84 92
84 116
114 136
114 121
114 132
114 123
114 115
114 119
114 159
114 138
114 171
114 150
114 124
114 116
131 136
131 132
131 159
131 138
131 171
131 150
93 98
93 136
93 99
93 103
93 121
93 132
93 123
93 111
93 115
93 100
93 101
93 119
93 105
93 159
93 97
93 138
93 171
93 110
93 150
93 124
93 94
93 116
93 114
93 131
135 136
135 159
135 138
135 171
135 150
143 159
143 171
143 150
125 136
125 132
125 159
125 138
125 171
125 150
125 131
125 135
125 143
141 159
141 171
141 150
141 143
129 136
129 132
129 159
129 138
129 171
129 150
129 131
129 135
129 143
129 141
88 98
88 136
88 99
88 103
88 121
88 132
88 123
88 111
88 115
88 100
88 101
88 91
88 119
88 105
88 159
88 97
88 138
88 171
88 110
88 150
88 124
88 94
88 89
88 92
88 116
88 114
88 131
88 93
88 135
88 143
88 125
88 141
88 129
71 79
71 72
71 81
71 98
71 136
71 99
71 103
71 121
71 78
71 132
71 123
71 111
71 115
71 100
71 101
71 91
71 119
71 105
71 76
71 77
71 159
71 97
71 138
71 171
71 73
71 80
71 82
71 74
71 110
71 150
71 124
71 75
71 94
71 89
71 92
71 116
71 84
71 114
71 131
71 93
71 135
71 143
71 125
71 141
71 129
71 88
120 136
120 121
120 132
120 123
120 159
120 138
120 171
120 150
120 124
120 131
120 135
120 143
120 125
120 141
120 129
161 171
151 159
151 171
151 161
86 98
86 136
86 99
86 103
86 121
86 132
86 123
86 111
86 115
86 100
86 101
86 91
86 119
86 105
86 159
86 97
86 138
86 171
86 110
86 150
86 124
86 94
86 89
86 92
86 116
86 114
86 131
86 93
86 135
86 143
86 125
86 141
86 129
86 88
86 120
86 161
86 151
106 136
106 121
106 132
106 123
106 111
106 115
106 119
106 159
106 138
106 171
106 110
106 150
106 124
106 116
106 114
106 131
106 135
106 143
106 125
106 141
106 129
106 120
106 161
106 151
108 136
108 121
108 132
108 123
108 111
108 115
108 119
108 159
108 138
108 171
108 110
108 150
108 124
108 116
108 114
108 131
108 135
108 143
108 125
108 141
108 129
108 120
108 161
108 151
25 57
25 79
25 44
25 72
25 34
25 68
25 62
25 53
25 58
25 35
25 28
25 42
25 33
25 30
25 51
25 36
25 32
25 49
25 81
25 39
25 98
25 136
25 43
25 31
25 99
25 56
25 40
25 103
25 26
25 121
25 64
25 78
25 132
25 123
25 50
25 111
25 46
25 45
25 59
25 29
25 47
25 54
25 115
25 41
25 100
25 101
25 37
25 60
25 91
25 55
25 63
25 119
25 105
25 76
25 77
25 159
25 97
25 138
25 48
25 171
25 73
25 80
25 82
25 27
25 65
25 74
25 61
25 110
25 67
25 150
25 124
25 75
25 94
25 70
25 52
25 89
25 92
25 116
25 38
25 84
25 114
25 131
25 93
25 135
25 143
25 125
25 141
25 129
25 88
25 71
25 120
25 161
25 151
25 86
25 106
25 108
95 98
95 136
95 99
95 103
95 121
95 132
95 123
95 111
95 115
95 100
95 101
95 119
95 105
95 159
95 97
95 138
95 171
95 110
95 150
95 124
95 116
95 114
95 131
95 135
95 143
95 125
95 141
95 129
95 120
95 161
95 151
95 106
95 108
118 136
118 121
118 132
118 123
118 119
118 159
118 138
118 171
118 150
118 124
118 131
118 135
118 143
118 125
118 141
118 129
118 120
118 161
118 151
118 197
134 136
134 159
134 138
134 171
134 150
134 135
134 143
134 141
134 161
134 151
134 197
113 136
113 121
113 132
113 123
113 115
113 119
113 159
113 138
113 171
113 150
113 124
113 116
113 114
113 131
113 135
113 143
113 125
113 141
113 129
113 120
113 161
113 151
113 197
113 118
113 134
18 57
18 79
18 44
18 72
18 34
18 68
18 62
18 53
18 58
18 35
18 28
18 42
18 33
18 30
18 51
18 36
18 20
18 32
18 49
18 81
18 39
18 98
18 136
18 43
18 31
18 99
18 56
18 21
18 40
18 103
18 23
18 26
18 121
18 19
18 64
18 78
18 132
18 123
18 50
18 22
18 111
18 46
18 45
18 59
18 29
18 47
18 54
18 24
18 115
18 41
18 100
18 101
18 37
18 60
18 91
18 55
18 63
18 119
18 105
18 76
18 77
18 159
18 97
18 138
18 48
18 171
18 73
18 80
18 82
18 27
18 65
18 74
18 61
18 110
18 67
18 150
18 124
18 75
18 94
18 70
18 52
18 89
18 92
18 116
18 38
18 84
18 114
18 131
18 93
18 135
18 143
18 125
18 141
18 129
18 88
18 71
18 120
18 161
18 151
18 86
18 106
18 108
18 25
18 95
18 197
18 118
18 134
18 113
102 136
102 103
102 121
102 132
102 123
102 111
102 115
102 119
102 105
102 159
102 138
102 171
102 110
102 150
102 124
102 116
102 114
102 131
102 135
102 143
102 125
102 141
102 129
102 120
102 161
102 151
102 106
102 108
102 197
102 118
102 134
102 113
127 136
127 132
127 159
127 138
127 171
127 150
127 131
127 135
127 143
127 141
127 129
127 161
127 151
127 197
127 134
112 136
112 121
112 132
112 123
112 115
112 119
112 159
112 138
112 171
112 150
112 124
112 116
112 114
112 131
112 135
112 143
112 125
112 141
112 129
112 120
112 161
112 151
112 197
112 118
112 134
112 113
112 127
190 197
90 98
90 136
90 99
90 103
90 121
90 132
90 123
90 111
90 115
90 100
90 101
90 91
90 119
90 105
90 159
90 97
90 138
90 171
90 110
90 150
90 124
90 94
90 92
90 116
90 114
90 131
90 93
90 135
90 143
90 125
90 141
90 129
90 120
90 161
90 151
90 106
90 108
90 95
90 197
90 118
90 134
90 113
90 102
90 127
90 112
90 190
173 197
173 190
107 136
107 121
107 132
107 123
107 111
107 115
107 119
107 159
107 138
107 171
107 110
107 150
107 124
107 116
107 114
107 131
107 135
107 143
107 125
107 141
107 129
107 120
107 161
107 151
107 108
107 197
107 118
107 134
107 113
107 127
107 112
107 190
107 173
83 98
83 136
83 99
83 103
83 121
83 132
83 123
83 111
83 115
83 100
83 101
83 91
83 119
83 105
83 159
83 97
83 138
83 171
83 110
83 150
83 124
83 94
83 89
83 92
83 116
83 84
83 114
83 131
83 93
83 135
83 143
83 125
83 141
83 129
83 88
83 120
83 161
83 151
83 86
83 106
83 108
83 95
83 197
83 118
83 134
83 113
83 102
83 127
83 112
83 190
83 90
83 173
83 107
142 159
142 171
142 150
142 143
142 161
142 151
142 197
142 190
142 173
128 136
128 132
128 159
128 138
128 171
128 150
128 131
128 135
128 143
128 141
128 129
128 161
128 151
128 197
128 134
128 190
128 173
128 142
157 159
157 171
157 161
157 197
157 190
157 173
156 159
156 171
156 161
156 197
156 190
156 173
156 157
166 171
166 197
166 190
166 173
163 171
163 197
163 190
163 173
163 166
167 171
167 197
167 190
167 173
104 136
104 121
104 132
104 123
104 111
104 115
104 119
104 105
104 159
104 138
104 171
104 110
104 150
104 124
104 116
104 114
104 131
104 135
104 143
104 125
104 141
104 129
104 120
104 161
104 151
104 106
104 108
104 197
104 118
104 134
104 113
104 127
104 112
104 190
104 173
104 107
104 142
104 128
104 157
104 156
104 166
104 163
104 167
130 136
130 132
130 159
130 138
130 171
130 150
130 131
130 135
130 143
130 141
130 161
130 151
130 197
130 134
130 190
130 173
130 142
130 157
130 156
130 166
130 163
130 167
139 159
139 171
139 150
139 143
139 141
139 161
139 151
139 197
139 190
139 173
139 142
139 157
139 156
139 166
139 163
139 167
109 136
109 121
109 132
109 123
109 111
109 115
109 119
109 159
109 138
109 171
109 110
109 150
109 124
109 116
109 114
109 131
109 135
109 143
109 125
109 141
109 129
109 120
109 161
109 151
109 197
109 118
109 134
109 113
109 127
109 112
109 190
109 173
109 142
109 128
109 157
109 156
109 166
109 163
109 167
109 130
109 139
133 136
133 159
133 138
133 171
133 150
133 135
133 143
133 141
133 161
133 151
133 197
133 134
133 190
133 173
133 142
133 157
133 156
133 166
133 163
133 167
133 139
158 159
158 171
158 161
158 197
158 190
158 173
158 166
158 163
158 167
69 79
69 72
69 81
69 98
69 136
69 99
69 103
69 121
69 78
69 132
69 123
69 111
69 115
69 100
69 101
69 91
69 119
69 105
69 76
69 77
69 159
69 97
69 138
69 171
69 73
69 80
69 82
69 74
69 110
69 150
69 124
69 75
69 94
69 70
69 89
69 92
69 116
69 84
69 114
69 131
69 93
69 135
69 143
69 125
69 141
69 129
69 88
69 71
69 120
69 161
69 151
69 86
69 106
69 108
69 95
69 197
69 118
69 134
69 113
69 102
69 127
69 112
69 190
69 90
69 173
69 107
69 83
69 142
69 128
69 157
69 156
69 166
69 163
69 167
69 104
69 130
69 139
69 109
69 133
69 158
66 79
66 72
66 68
66 81
66 98
66 136
66 99
66 103
66 121
66 78
66 132
66 123
66 111
66 115
66 100
66 101
66 91
66 119
66 105
66 76
66 77
66 159
66 97
66 138
66 171
66 73
66 80
66 82
66 74
66 110
66 67
66 150
66 124
66 75
66 94
66 70
66 89
66 92
66 116
66 84
66 114
66 131
66 93
66 135
66 143
66 125
66 141
66 129
66 88
66 71
66 120
66 161
66 151
66 86
66 106
66 108
66 95
66 197
66 118
66 134
66 113
66 102
66 127
66 112
66 190
66 90
66 173
66 107
66 83
66 142
66 128
66 157
66 156
66 166
66 163
66 167
66 104
66 130
66 139
66 109
66 133
66 158
66 69
126 136
126 132
126 159
126 138
126 171
126 150
126 131
126 135
126 143
126 141
126 129
126 161
126 151
126 197
126 134
126 127
126 190
126 173
126 142
126 128
126 157
126 156
126 166
126 163
126 167
126 130
126 139
126 133
126 158
147 159
147 171
147 150
147 161
147 151
147 197
147 190
147 173
147 157
147 156
147 166
147 163
147 167
147 158
87 98
87 136
87 99
87 103
87 121
87 132
87 123
87 111
87 115
87 100
87 101
87 91
87 119
87 105
87 159
87 97
87 138
87 171
87 110
87 150
87 124
87 94
87 89
87 92
87 116
87 114
87 131
87 93
87 135
87 143
87 125
87 141
87 129
87 88
87 120
87 161
87 151
87 106
87 108
87 95
87 197
87 118
87 134
87 113
87 102
87 127
87 112
87 190
87 90
87 173
87 107
87 142
87 128
87 157
87 156
87 166
87 163
87 167
87 104
87 130
87 139
87 109
87 133
87 158
87 126
87 147
174 197
174 190
162 171
162 197
162 190
162 173
162 166
162 163
162 167
162 174
122 136
122 132
122 123
122 159
122 138
122 171
122 150
122 124
122 131
122 135
122 143
122 125
122 141
122 129
122 161
122 151
122 197
122 134
122 127
122 190
122 173
122 142
122 128
122 157
122 156
122 166
122 163
122 167
122 130
122 139
122 133
122 158
122 126
122 147
122 174
122 162
96 98
96 136
96 99
96 103
96 121
96 132
96 123
96 111
96 115
96 100
96 101
96 119
96 105
96 159
96 97
96 138
96 171
96 110
96 150
96 124
96 116
96 114
96 131
96 135
96 143
96 125
96 141
96 129
96 120
96 161
96 151
96 106
96 108
96 197
96 118
96 134
96 113
96 102
96 127
96 112
96 190
96 173
96 107
96 142
96 128
96 157
96 156
96 166
96 163
96 167
96 104
96 130
96 139
96 109
96 133
96 158
96 126
96 147
96 174
96 162
96 122
85 98
85 136
85 99
85 103
85 121
85 132
85 123
85 111
85 115
85 100
85 101
85 91
85 119
85 105
85 159
85 97
85 138
85 171
85 110
85 150
85 124
85 94
85 89
85 92
85 116
85 114
85 131
85 93
85 135
85 143
85 125
85 141
85 129
85 88
85 120
85 161
85 151
85 86
85 106
85 108
85 95
85 197
85 118
85 134
85 113
85 102
85 127
85 112
85 190
85 90
85 173
85 107
85 142
85 128
85 157
85 156
85 166
85 163
85 167
85 104
85 130
85 139
85 109
85 133
85 158
85 126
85 147
85 87
85 174
85 162
85 122
85 96
177 197
177 190
144 159
144 171
144 150
144 161
144 151
144 197
144 190
144 173
144 157
144 156
144 166
144 163
144 167
144 158
144 147
144 174
144 162
144 177
149 159
149 171
149 150
149 161
149 151
149 197
149 190
149 173
149 157
149 156
149 166
149 163
149 167
149 158
149 174
149 162
149 177
149 209
149 241
170 171
170 197
170 190
170 173
170 174
170 177
170 209
170 241
180 197
180 190
180 209
180 241
195 197
195 209
195 241
235 241
224 241
224 235
153 159
153 171
153 161
153 197
153 190
153 173
153 157
153 156
153 166
153 163
153 167
153 158
153 174
153 162
153 177
153 209
153 241
153 170
153 180
153 195
153 235
153 224
154 159
154 171
154 161
154 197
154 190
154 173
154 157
154 156
154 166
154 163
154 167
154 158
154 174
154 162
154 177
154 209
154 241
154 170
154 180
154 195
154 235
154 224
185 197
185 190
185 209
185 241
185 195
185 235
185 224
239 241
214 241
214 235
214 224
214 239
181 197
181 190
181 209
181 241
181 195
181 235
181 224
181 185
181 239
181 214
191 197
191 209
191 241
191 195
191 235
191 224
191 239
191 214
146 159
146 171
146 150
146 161
146 151
146 197
146 190
146 173
146 157
146 156
146 166
146 163
146 167
146 158
146 147
146 174
146 162
146 177
146 209
146 241
146 149
146 170
146 180
146 195
146 235
146 224
146 153
146 154
146 185
146 239
146 214
146 181
146 191
152 159
152 171
152 161
152 197
152 190
152 173
152 157
152 156
152 166
152 163
152 167
152 158
152 174
152 162
152 177
152 209
152 241
152 170
152 180
152 195
152 235
152 224
152 153
152 154
152 185
152 239
152 214
152 181
152 191
176 197
176 190
176 177
176 209
176 241
176 180
176 195
176 235
176 224
176 185
176 239
176 214
176 181
176 191
222 241
222 235
222 224
222 239
182 197
182 190
182 209
182 241
182 195
182 235
182 224
182 185
182 239
182 214
182 191
182 222
148 159
148 171
148 150
148 161
148 151
148 197
148 190
148 173
148 157
148 156
148 166
148 163
148 167
148 158
148 174
148 162
148 177
148 209
148 241
148 149
148 170
148 180
148 195
148 235
148 224
148 153
148 154
148 185
148 239
148 214
148 181
148 191
148 152
148 176
148 222
148 182
165 171
165 197
165 190
165 173
165 166
165 167
165 174
165 177
165 209
165 241
165 170
165 180
165 195
165 235
165 224
165 185
165 239
165 214
165 181
165 191
165 176
165 222
165 182
165 280
186 197
186 190
186 209
186 241
186 195
186 235
186 224
186 239
186 214
186 191
186 222
186 280
164 171
164 197
164 190
164 173
164 166
164 167
164 174
164 177
164 209
164 241
164 170
164 180
164 195
164 235
164 224
164 185
164 239
164 214
164 181
164 191
164 176
164 222
164 182
164 280
164 165
164 186
216 241
216 235
216 224
216 239
216 222
216 280
242 280
160 171
160 161
160 197
160 190
160 173
160 166
160 163
160 167
160 174
160 162
160 177
160 209
160 241
160 170
160 180
160 195
160 235
160 224
160 185
160 239
160 214
160 181
160 191
160 176
160 222
160 182
160 280
160 165
160 186
160 164
160 216
160 242
207 209
207 241
207 235
207 224
207 239
207 214
207 222
207 280
207 216
207 242
172 197
172 190
172 173
172 174
172 177
172 209
172 241
172 180
172 195
172 235
172 224
172 185
172 239
172 214
172 181
172 191
172 176
172 222
172 182
172 280
172 186
172 216
172 242
172 207
258 280
168 171
168 197
168 190
168 173
168 174
168 177
168 209
168 241
168 170
168 180
168 195
168 235
168 224
168 185
168 239
168 214
168 181
168 191
168 176
168 222
168 182
168 280
168 186
168 216
168 242
168 207
168 172
168 258
212 241
212 235
212 224
212 239
212 214
212 222
212 280
212 216
212 242
212 258
178 197
178 190
178 209
178 241
178 180
178 195
178 235
178 224
178 185
178 239
178 214
178 181
178 191
178 222
178 182
178 280
178 186
178 216
178 242
178 207
178 258
178 212
137 159
137 138
137 171
137 150
137 143
137 141
137 161
137 151
137 197
137 190
137 173
137 142
137 157
137 156
137 166
137 163
137 167
137 139
137 158
137 147
137 174
137 162
137 177
137 144
137 209
137 241
137 149
137 170
137 180
137 195
137 235
137 224
137 153
137 154
137 185
137 239
137 214
137 181
137 191
137 146
137 152
137 176
137 222
137 182
137 148
137 280
137 165
137 186
137 164
137 216
137 242
137 160
137 207
137 172
137 258
137 168
137 212
137 178
179 197
179 190
179 209
179 241
179 180
179 195
179 235
179 224
179 185
179 239
179 214
179 181
179 191
179 222
179 182
179 280
179 186
179 216
179 242
179 207
179 258
179 212
199 209
199 241
199 235
199 224
199 239
199 214
199 222
199 280
199 216
199 242
199 207
199 258
199 212
228 241
228 235
228 239
228 280
228 242
228 258
206 209
206 241
206 235
206 224
206 239
206 214
206 222
206 280
206 216
206 242
206 207
206 258
206 212
206 228
206 301
244 280
244 258
244 301
204 209
204 241
204 235
204 224
204 239
204 214
204 222
204 280
204 216
204 242
204 207
204 258
204 212
204 228
204 301
204 206
204 244
175 197
175 190
175 177
175 209
175 241
175 180
175 195
175 235
175 224
175 185
175 239
175 214
175 181
175 191
175 176
175 222
175 182
175 280
175 186
175 216
175 242
175 207
175 258
175 212
175 178
175 179
175 199
175 228
175 301
175 206
175 244
175 204
198 209
198 241
198 235
198 224
198 239
198 214
198 222
198 280
198 216
198 242
198 207
198 258
198 212
198 199
198 228
198 301
198 206
198 244
198 204
117 136
117 121
117 132
117 123
117 119
117 159
117 138
117 171
117 150
117 124
117 131
117 135
117 143
117 125
117 141
117 129
117 120
117 161
117 151
117 197
117 118
117 134
117 127
117 190
117 173
117 142
117 128
117 157
117 156
117 166
117 163
117 167
117 130
117 139
117 133
117 158
117 126
117 147
117 174
117 162
117 122
117 177
117 144
117 209
117 241
117 149
117 170
117 180
117 195
117 235
117 224
117 153
117 154
117 185
117 239
117 214
117 181
117 191
117 146
117 152
117 176
117 222
117 182
117 148
117 280
117 165
117 186
117 164
117 216
117 242
117 160
117 207
117 172
117 258
117 168
117 212
117 178
117 137
117 179
117 199
117 228
117 301
117 206
117 244
117 204
117 175
117 198
213 241
213 235
213 224
213 239
213 214
213 222
213 280
213 216
213 242
213 258
213 228
213 301
213 244
221 241
221 235
221 224
221 239
221 222
221 280
221 242
221 258
221 228
221 301
221 244
187 197
187 190
187 209
187 241
187 195
187 235
187 224
187 239
187 214
187 191
187 222
187 280
187 216
187 242
187 207
187 258
187 212
187 199
187 228
187 301
187 206
187 244
187 204
187 198
187 213
187 221
292 301
250 280
250 258
250 301
250 292
227 241
227 235
227 239
227 280
227 242
227 258
227 228
227 301
227 244
227 292
227 250
169 171
169 197
169 190
169 173
169 174
169 177
169 209
169 241
169 170
169 180
169 195
169 235
169 224
169 185
169 239
169 214
169 181
169 191
169 176
169 222
169 182
169 280
169 186
169 216
169 242
169 207
169 172
169 258
169 212
169 178
169 179
169 199
169 228
169 301
169 206
169 244
169 204
169 175
169 198
169 213
169 221
169 187
169 292
169 250
169 227
184 197
184 190
184 209
184 241
184 195
184 235
184 224
184 185
184 239
184 214
184 191
184 222
184 280
184 186
184 216
184 242
184 207
184 258
184 212
184 199
184 228
184 301
184 206
184 244
184 204
184 198
184 213
184 221
184 187
184 292
184 250
184 227
223 241
223 235
223 224
223 239
223 280
223 242
223 258
223 228
223 301
223 244
223 292
223 250
223 227
266 280
266 301
266 292
226 241
226 235
226 239
226 280
226 242
226 258
226 228
226 301
226 244
226 292
226 250
226 227
226 266
229 241
229 235
229 239
229 280
229 242
229 258
229 301
229 244
229 292
229 250
229 266
155 159
155 171
155 161
155 197
155 190
155 173
155 157
155 156
155 166
155 163
155 167
155 158
155 174
155 162
155 177
155 209
155 241
155 170
155 180
155 195
155 235
155 224
155 185
155 239
155 214
155 181
155 191
155 176
155 222
155 182
155 280
155 165
155 186
155 164
155 216
155 242
155 160
155 207
155 172
155 258
155 168
155 212
155 178
155 179
155 199
155 228
155 301
155 206
155 244
155 204
155 175
155 198
155 213
155 221
155 187
155 292
155 250
155 227
155 169
155 184
155 223
155 266
155 226
155 229
208 209
208 241
208 235
208 224
208 239
208 214
208 222
208 280
208 216
208 242
208 258
208 212
208 228
208 301
208 244
208 213
208 221
208 292
208 250
208 227
208 223
208 266
208 226
208 229
237 241
237 239
237 280
237 242
237 258
237 301
237 244
237 292
237 250
237 266
234 241
234 235
234 239
234 280
234 242
234 258
234 301
234 244
234 292
234 250
234 266
234 237
183 197
183 190
183 209
183 241
183 195
183 235
183 224
183 185
183 239
183 214
183 191
183 222
183 280
183 186
183 216
183 242
183 207
183 258
183 212
183 199
183 228
183 301
183 206
183 244
183 204
183 198
183 213
183 221
183 187
183 292
183 250
183 227
183 184
183 223
183 266
183 226
183 229
183 208
183 237
183 234
211 241
211 235
211 224
211 239
211 214
211 222
211 280
211 216
211 242
211 258
211 212
211 228
211 301
211 244
211 213
211 221
211 292
211 250
211 227
211 223
211 266
211 226
211 229
211 237
211 234
196 197
196 209
196 241
196 235
196 224
196 239
196 214
196 222
196 280
196 216
196 242
196 207
196 258
196 212
196 199
196 228
196 301
196 206
196 244
196 204
196 198
196 213
196 221
196 292
196 250
196 227
196 223
196 266
196 226
196 229
196 208
196 237
196 234
196 211
230 241
230 235
230 239
230 280
230 242
230 258
230 301
230 244
230 292
230 250
230 266
230 237
230 234
268 280
268 301
268 292
188 197
188 190
188 209
188 241
188 195
188 235
188 224
188 239
188 214
188 191
188 222
188 280
188 216
188 242
188 207
188 258
188 212
188 199
188 228
188 301
188 206
188 244
188 204
188 198
188 213
188 221
188 292
188 250
188 227
188 223
188 266
188 226
188 229
188 208
188 237
188 234
188 211
188 196
188 230
188 268
203 209
203 241
203 235
203 224
203 239
203 214
203 222
203 280
203 216
203 242
203 207
203 258
203 212
203 228
203 301
203 206
203 244
203 204
203 213
203 221
203 292
203 250
203 227
203 223
203 266
203 226
203 229
203 208
203 237
203 234
203 211
203 230
203 268
218 241
218 235
218 224
218 239
218 222
218 280
218 242
218 258
218 228
218 301
218 244
218 221
218 292
218 250
218 227
218 223
218 266
218 226
218 229
218 237
218 234
218 230
218 268
254 280
254 258
254 301
254 292
254 266
254 268
200 209
200 241
200 235
200 224
200 239
200 214
200 222
200 280
200 216
200 242
200 207
200 258
200 212
200 228
200 301
200 206
200 244
200 204
200 213
200 221
200 292
200 250
200 227
200 223
200 266
200 226
200 229
200 208
200 237
200 234
200 211
200 230
200 268
200 203
200 218
200 254
264 280
264 301
264 292
264 266
264 268
194 197
194 209
194 241
194 195
194 235
194 224
194 239
194 214
194 222
194 280
194 216
194 242
194 207
194 258
194 212
194 199
194 228
194 301
194 206
194 244
194 204
194 198
194 213
194 221
194 292
194 250
194 227
194 223
194 266
194 226
194 229
194 208
194 237
194 234
194 211
194 196
194 230
194 268
194 203
194 218
194 254
194 200
194 264
193 197
193 209
193 241
193 195
193 235
193 224
193 239
193 214
193 222
193 280
193 216
193 242
193 207
193 258
193 212
193 199
193 228
193 301
193 206
193 244
193 204
193 198
193 213
193 221
193 292
193 250
193 227
193 223
193 266
193 226
193 229
193 208
193 237
193 234
193 211
193 196
193 230
193 268
193 203
193 218
193 254
193 200
193 264
193 194
249 280
249 258
249 301
249 292
249 250
249 266
249 268
249 254
249 264
145 159
145 171
145 150
145 161
145 151
145 197
145 190
145 173
145 157
145 156
145 166
145 163
145 167
145 158
145 147
145 174
145 162
145 177
145 209
145 241
145 149
145 170
145 180
145 195
145 235
145 224
145 153
145 154
145 185
145 239
145 214
145 181
145 191
145 146
145 152
145 176
145 222
145 182
145 148
145 280
145 165
145 186
145 164
145 216
145 242
145 160
145 207
145 172
145 258
145 168
145 212
145 178
145 179
145 199
145 228
145 301
145 206
145 244
145 204
145 175
145 198
145 213
145 221
145 187
145 292
145 250
145 227
145 169
145 184
145 223
145 266
145 226
145 229
145 155
145 208
145 237
145 234
145 183
145 211
145 196
145 230
145 268
145 188
145 203
145 218
145 254
145 200
145 264
145 194
145 193
145 249
217 241
217 235
217 224
217 239
217 222
217 280
217 242
217 258
217 228
217 301
217 244
217 221
217 292
217 250
217 227
217 223
217 266
217 226
217 229
217 237
217 234
217 230
217 268
217 218
217 254
217 264
217 249
217 319
192 197
192 209
192 241
192 195
192 235
192 224
192 239
192 214
192 222
192 280
192 216
192 242
192 207
192 258
192 212
192 199
192 228
192 301
192 206
192 244
192 204
192 198
192 213
192 221
192 292
192 250
192 227
192 223
192 266
192 226
192 229
192 208
192 237
192 234
192 211
192 196
192 230
192 268
192 203
192 218
192 254
192 200
192 264
192 194
192 193
192 249
192 319
192 217
231 241
231 235
231 239
231 280
231 242
231 258
231 301
231 244
231 292
231 250
231 266
231 237
231 234
231 268
231 254
231 264
231 249
231 319
311 319
270 280
270 301
270 292
270 319
270 311
140 159
140 171
140 150
140 143
140 141
140 161
140 151
140 197
140 190
140 173
140 142
140 157
140 156
140 166
140 163
140 167
140 158
140 147
140 174
140 162
140 177
140 144
140 209
140 241
140 149
140 170
140 180
140 195
140 235
140 224
140 153
140 154
140 185
140 239
140 214
140 181
140 191
140 146
140 152
140 176
140 222
140 182
140 148
140 280
140 165
140 186
140 164
140 216
140 242
140 160
140 207
140 172
140 258
140 168
140 212
140 178
140 179
140 199
140 228
140 301
140 206
140 244
140 204
140 175
140 198
140 213
140 221
140 187
140 292
140 250
140 227
140 169
140 184
140 223
140 266
140 226
140 229
140 155
140 208
140 237
140 234
140 183
140 211
140 196
140 230
140 268
140 188
140 203
140 218
140 254
140 200
140 264
140 194
140 193
140 249
140 145
140 319
140 217
140 192
140 231
140 311
140 270
232 241
232 235
232 239
232 280
232 242
232 258
232 301
232 244
232 292
232 250
232 266
232 237
232 234
232 268
232 254
232 264
232 249
232 319
232 311
232 270
278 280
278 301
278 292
278 319
278 311
189 197
189 190
189 209
189 241
189 195
189 235
189 224
189 239
189 214
189 191
189 222
189 280
189 216
189 242
189 207
189 258
189 212
189 199
189 228
189 301
189 206
189 244
189 204
189 198
189 213
189 221
189 292
189 250
189 227
189 223
189 266
189 226
189 229
189 208
189 237
189 234
189 211
189 196
189 230
189 268
189 203
189 218
189 254
189 200
189 264
189 194
189 193
189 249
189 319
189 217
189 192
189 231
189 311
189 270
189 232
189 278
225 241
225 235
225 239
225 280
225 242
225 258
225 228
225 301
225 244
225 292
225 250
225 227
225 266
225 226
225 229
225 237
225 234
225 230
225 268
225 254
225 264
225 249
225 319
225 231
225 311
225 270
225 232
225 278
220 241
220 235
220 224
220 239
220 222
220 280
220 242
220 258
220 228
220 301
220 244
220 221
220 292
220 250
220 227
220 223
220 266
220 226
220 229
220 237
220 234
220 230
220 268
220 254
220 264
220 249
220 319
220 231
220 311
220 270
220 232
220 278
220 225
263 280
263 301
263 292
263 266
263 268
263 264
263 319
263 311
263 270
263 278
271 280
271 301
271 292
271 319
271 311
271 278
236 241
236 239
236 280
236 242
236 258
236 301
236 244
236 292
236 250
236 266
236 237
236 268
236 254
236 264
236 249
236 319
236 311
236 270
236 278
236 263
236 271
236 321
201 209
201 241
201 235
201 224
201 239
201 214
201 222
201 280
201 216
201 242
201 207
201 258
201 212
201 228
201 301
201 206
201 244
201 204
201 213
201 221
201 292
201 250
201 227
201 223
201 266
201 226
201 229
201 208
201 237
201 234
201 211
201 230
201 268
201 203
201 218
201 254
201 264
201 249
201 319
201 217
201 231
201 311
201 270
201 232
201 278
201 225
201 220
201 263
201 271
201 321
201 236
201 355
202 209
202 241
202 235
202 224
202 239
202 214
202 222
202 280
202 216
202 242
202 207
202 258
202 212
202 228
202 301
202 206
202 244
202 204
202 213
202 221
202 292
202 250
202 227
202 223
202 266
202 226
202 229
202 208
202 237
202 234
202 211
202 230
202 268
202 203
202 218
202 254
202 264
202 249
202 319
202 217
202 231
202 311
202 270
202 232
202 278
202 225
202 220
202 263
202 271
202 321
202 236
202 355
248 280
248 258
248 301
248 292
248 250
248 266
248 268
248 254
248 264
248 249
248 319
248 311
248 270
248 278
248 263
248 271
248 321
248 355
286 301
286 292
286 319
286 311
286 321
286 355
259 280
259 301
259 292
259 266
259 268
259 264
259 319
259 311
259 270
259 278
259 263
259 271
259 321
259 355
259 286
267 280
267 301
267 292
267 268
267 319
267 311
267 270
267 278
267 271
267 321
267 355
267 286
289 301
289 292
289 319
289 311
289 321
289 355
274 280
274 301
274 292
274 319
274 311
274 278
274 321
274 355
274 286
274 289
261 280
261 301
261 292
261 266
261 268
261 264
261 319
261 311
261 270
261 278
261 263
261 271
261 321
261 355
261 286
261 267
261 289
261 274
261 390
260 280
260 301
260 292
260 266
260 268
260 264
260 319
260 311
260 270
260 278
260 263
260 271
260 321
260 355
260 286
260 267
260 289
260 274
260 390
260 261
245 280
245 258
245 301
245 292
245 250
245 266
245 268
245 254
245 264
245 249
245 319
245 311
245 270
245 278
245 263
245 271
245 321
245 355
245 248
245 286
245 259
245 267
245 289
245 274
245 390
245 261
245 260
247 280
247 258
247 301
247 292
247 250
247 266
247 268
247 254
247 264
247 249
247 319
247 311
247 270
247 278
247 263
247 271
247 321
247 355
247 248
247 286
247 259
247 267
247 289
247 274
247 390
247 261
247 260
296 301
296 319
296 311
296 321
296 355
296 390
252 280
252 258
252 301
252 292
252 266
252 268
252 254
252 264
252 319
252 311
252 270
252 278
252 263
252 271
252 321
252 355
252 286
252 259
252 267
252 289
252 274
252 390
252 261
252 260
252 296
251 280
251 258
251 301
251 292
251 266
251 268
251 254
251 264
251 319
251 311
251 270
251 278
251 263
251 271
251 321
251 355
251 286
251 259
251 267
251 289
251 274
251 390
251 261
251 260
251 296
251 252
262 280
262 301
262 292
262 266
262 268
262 264
262 319
262 311
262 270
262 278
262 263
262 271
262 321
262 355
262 286
262 267
262 289
262 274
262 390
262 296
281 301
281 292
281 319
281 311
281 321
281 355
281 286
281 289
281 390
281 296
310 319
310 311
310 321
310 355
310 390
326 355
326 390
243 280
243 258
243 301
243 244
243 292
243 250
243 266
243 268
243 254
243 264
243 249
243 319
243 311
243 270
243 278
243 263
243 271
243 321
243 355
243 248
243 286
243 259
243 267
243 289
243 274
243 390
243 261
243 260
243 245
243 247
243 296
243 252
243 251
243 262
243 281
243 310
243 326
265 280
265 301
265 292
265 266
265 268
265 319
265 311
265 270
265 278
265 271
265 321
265 355
265 286
265 267
265 289
265 274
265 390
265 296
265 281
265 310
265 326
240 241
240 280
240 242
240 258
240 301
240 244
240 292
240 250
240 266
240 268
240 254
240 264
240 249
240 319
240 311
240 270
240 278
240 263
240 271
240 321
240 355
240 248
240 286
240 259
240 267
240 289
240 274
240 390
240 261
240 260
240 245
240 247
240 296
240 252
240 251
240 262
240 281
240 310
240 326
240 243
240 265
277 280
277 301
277 292
277 319
277 311
277 278
277 321
277 355
277 286
277 289
277 390
277 296
277 281
277 310
277 326
309 319
309 311
309 321
309 355
309 390
309 310
309 326
238 241
238 239
238 280
238 242
238 258
238 301
238 244
238 292
238 250
238 266
238 268
238 254
238 264
238 249
238 319
238 311
238 270
238 278
238 263
238 271
238 321
238 355
238 248
238 286
238 259
238 267
238 289
238 274
238 390
238 261
238 260
238 245
238 247
238 296
238 252
238 251
238 262
238 281
238 310
238 326
238 243
238 265
238 240
238 277
238 309
314 319
314 321
314 355
314 390
314 326
246 280
246 258
246 301
246 292
246 250
246 266
246 268
246 254
246 264
246 249
246 319
246 311
246 270
246 278
246 263
246 271
246 321
246 355
246 248
246 286
246 259
246 267
246 289
246 274
246 390
246 261
246 260
246 247
246 296
246 252
246 251
246 262
246 281
246 310
246 326
246 265
246 277
246 309
246 314
279 280
279 301
279 292
279 319
279 311
279 321
279 355
279 286
279 289
279 390
279 296
279 281
279 310
279 326
279 309
279 314
205 209
205 241
205 235
205 224
205 239
205 214
205 222
205 280
205 216
205 242
205 207
205 258
205 212
205 228
205 301
205 206
205 244
205 213
205 221
205 292
205 250
205 227
205 223
205 266
205 226
205 229
205 208
205 237
205 234
205 211
205 230
205 268
205 218
205 254
205 264
205 249
205 319
205 217
205 231
205 311
205 270
205 232
205 278
205 225
205 220
205 263
205 271
205 321
205 236
205 355
205 248
205 286
205 259
205 267
205 289
205 274
205 390
205 261
205 260
205 245
205 247
205 296
205 252
205 251
205 262
205 281
205 310
205 326
205 243
205 265
205 240
205 277
205 309
205 238
205 314
205 246
205 279
210 241
210 235
210 224
210 239
210 214
210 222
210 280
210 216
210 242
210 258
210 212
210 228
210 301
210 244
210 213
210 221
210 292
210 250
210 227
210 223
210 266
210 226
210 229
210 237
210 234
210 211
210 230
210 268
210 218
210 254
210 264
210 249
210 319
210 217
210 231
210 311
210 270
210 232
210 278
210 225
210 220
210 263
210 271
210 321
210 236
210 355
210 248
210 286
210 259
210 267
210 289
210 274
210 390
210 261
210 260
210 245
210 247
210 296
210 252
210 251
210 262
210 281
210 310
210 326
210 243
210 265
210 240
210 277
210 309
210 238
210 314
210 246
210 279
275 280
275 301
275 292
275 319
275 311
275 278
275 321
275 355
275 286
275 289
275 390
275 296
275 281
275 310
275 326
275 277
275 309
275 314
275 279
290 301
290 292
290 319
290 311
290 321
290 355
290 390
290 296
290 310
290 326
290 309
290 314
273 280
273 301
273 292
273 319
273 311
273 278
273 321
273 355
273 286
273 289
273 274
273 390
273 296
273 281
273 310
273 326
273 277
273 309
273 314
273 279
273 275
273 290
293 301
293 319
293 311
293 321
293 355
293 390
293 296
293 310
293 326
293 309
293 314
305 319
305 311
305 321
305 355
305 390
305 310
305 326
305 309
305 314
315 319
315 321
315 355
315 390
315 326
328 355
328 390
255 280
255 258
255 301
255 292
255 266
255 268
255 264
255 319
255 311
255 270
255 278
255 263
255 271
255 321
255 355
255 286
255 259
255 267
255 289
255 274
255 390
255 261
255 260
255 296
255 262
255 281
255 310
255 326
255 265
255 277
255 309
255 314
255 279
255 275
255 290
255 273
255 293
255 305
255 315
255 328
269 280
269 301
269 292
269 319
269 311
269 270
269 278
269 271
269 321
269 355
269 286
269 289
269 274
269 390
269 296
269 281
269 310
269 326
269 277
269 309
269 314
269 279
269 275
269 290
269 273
269 293
269 305
269 315
269 328
322 355
322 390
322 326
322 328
287 301
287 292
287 319
287 311
287 321
287 355
287 289
287 390
287 296
287 310
287 326
287 309
287 314
287 290
287 293
287 305
287 315
287 328
287 322
253 280
253 258
253 301
253 292
253 266
253 268
253 254
253 264
253 319
253 311
253 270
253 278
253 263
253 271
253 321
253 355
253 286
253 259
253 267
253 289
253 274
253 390
253 261
253 260
253 296
253 262
253 281
253 310
253 326
253 265
253 277
253 309
253 314
253 279
253 275
253 290
253 273
253 293
253 305
253 315
253 328
253 255
253 269
253 322
253 287
331 355
331 390
257 280
257 258
257 301
257 292
257 266
257 268
257 264
257 319
257 311
257 270
257 278
257 263
257 271
257 321
257 355
257 286
257 259
257 267
257 289
257 274
257 390
257 261
257 260
257 296
257 262
257 281
257 310
257 326
257 265
257 277
257 309
257 314
257 279
257 275
257 290
257 273
257 293
257 305
257 315
257 328
257 269
257 322
257 287
257 331
373 390
256 280
256 258
256 301
256 292
256 266
256 268
256 264
256 319
256 311
256 270
256 278
256 263
256 271
256 321
256 355
256 286
256 259
256 267
256 289
256 274
256 390
256 261
256 260
256 296
256 262
256 281
256 310
256 326
256 265
256 277
256 309
256 314
256 279
256 275
256 290
256 273
256 293
256 305
256 315
256 328
256 269
256 322
256 287
256 331
256 257
256 373
323 355
323 390
323 326
323 328
323 331
323 373
372 390
372 373
343 355
343 390
343 373
343 372
299 301
299 319
299 311
299 321
299 355
299 390
299 310
299 326
299 309
299 314
299 305
299 315
299 328
299 322
299 331
299 373
299 323
299 372
299 343
233 241
233 235
233 239
233 280
233 242
233 258
233 301
233 244
233 292
233 250
233 266
233 237
233 234
233 268
233 254
233 264
233 249
233 319
233 311
233 270
233 278
233 263
233 271
233 321
233 236
233 355
233 248
233 286
233 259
233 267
233 289
233 274
233 390
233 261
233 260
233 245
233 247
233 296
233 252
233 251
233 262
233 281
233 310
233 326
233 243
233 265
233 240
233 277
233 309
233 238
233 314
233 246
233 279
233 275
233 290
233 273
233 293
233 305
233 315
233 328
233 255
233 269
233 322
233 287
233 253
233 331
233 257
233 373
233 256
233 323
233 372
233 343
233 299
356 390
356 373
356 372
352 355
352 390
352 373
352 372
352 356
329 355
329 390
329 331
329 373
329 372
329 343
329 356
329 352
276 280
276 301
276 292
276 319
276 311
276 278
276 321
276 355
276 286
276 289
276 390
276 296
276 281
276 310
276 326
276 277
276 309
276 314
276 279
276 290
276 293
276 305
276 315
276 328
276 322
276 287
276 331
276 373
276 323
276 372
276 343
276 299
276 356
276 352
276 329
297 301
297 319
297 311
297 321
297 355
297 390
297 310
297 326
297 309
297 314
297 305
297 315
297 328
297 322
297 331
297 373
297 323
297 372
297 343
297 299
297 356
297 352
297 329
215 241
215 235
215 224
215 239
215 222
215 280
215 216
215 242
215 258
215 228
215 301
215 244
215 221
215 292
215 250
215 227
215 223
215 266
215 226
215 229
215 237
215 234
215 230
215 268
215 218
215 254
215 264
215 249
215 319
215 217
215 231
215 311
215 270
215 232
215 278
215 225
215 220
215 263
215 271
215 321
215 236
215 355
215 248
215 286
215 259
215 267
215 289
215 274
215 390
215 261
215 260
215 245
215 247
215 296
215 252
215 251
215 262
215 281
215 310
215 326
215 243
215 265
215 240
215 277
215 309
215 238
215 314
215 246
215 279
215 275
215 290
215 273
215 293
215 305
215 315
215 328
215 255
215 269
215 322
215 287
215 253
215 331
215 257
215 373
215 256
215 323
215 372
215 343
215 299
215 233
215 356
215 352
215 329
215 276
215 297
336 355
336 390
336 373
336 372
336 343
336 356
336 352
294 301
294 319
294 311
294 321
294 355
294 390
294 296
294 310
294 326
294 309
294 314
294 305
294 315
294 328
294 322
294 331
294 373
294 323
294 372
294 343
294 299
294 356
294 352
294 329
294 297
294 336
316 319
316 321
316 355
316 390
316 326
316 328
316 322
316 331
316 373
316 323
316 372
316 343
316 356
316 352
316 329
316 336
219 241
219 235
219 224
219 239
219 222
219 280
219 242
219 258
219 228
219 301
219 244
219 221
219 292
219 250
219 227
219 223
219 266
219 226
219 229
219 237
219 234
219 230
219 268
219 254
219 264
219 249
219 319
219 231
219 311
219 270
219 232
219 278
219 225
219 220
219 263
219 271
219 321
219 236
219 355
219 248
219 286
219 259
219 267
219 289
219 274
219 390
219 261
219 260
219 245
219 247
219 296
219 252
219 251
219 262
219 281
219 310
219 326
219 243
219 265
219 240
219 277
219 309
219 238
219 314
219 246
219 279
219 275
219 290
219 273
219 293
219 305
219 315
219 328
219 255
219 269
219 322
219 287
219 253
219 331
219 257
219 373
219 256
219 323
219 372
219 343
219 299
219 233
219 356
219 352
219 329
219 276
219 297
219 336
219 294
219 316
303 319
303 311
303 321
303 355
303 390
303 310
303 326
303 309
303 314
303 305
303 315
303 328
303 322
303 331
303 373
303 323
303 372
303 343
303 356
303 352
303 329
303 336
303 316
365 390
365 373
365 372
312 319
312 321
312 355
312 390
312 326
312 314
312 315
312 328
312 322
312 331
312 373
312 323
312 372
312 343
312 356
312 352
312 329
312 336
312 316
312 365
284 301
284 292
284 319
284 311
284 321
284 355
284 286
284 289
284 390
284 296
284 310
284 326
284 309
284 314
284 290
284 293
284 305
284 315
284 328
284 322
284 287
284 331
284 373
284 323
284 372
284 343
284 299
284 356
284 352
284 329
284 297
284 336
284 294
284 316
284 303
284 365
284 312
288 301
288 292
288 319
288 311
288 321
288 355
288 289
288 390
288 296
288 310
288 326
288 309
288 314
288 290
288 293
288 305
288 315
288 328
288 322
288 331
288 373
288 323
288 372
288 343
288 299
288 356
288 352
288 329
288 297
288 336
288 294
288 316
288 303
288 365
288 312
288 401
272 280
272 301
272 292
272 319
272 311
272 278
272 321
272 355
272 286
272 289
272 274
272 390
272 296
272 281
272 310
272 326
272 277
272 309
272 314
272 279
272 275
272 290
272 273
272 293
272 305
272 315
272 328
272 322
272 287
272 331
272 373
272 323
272 372
272 343
272 299
272 356
272 352
272 329
272 276
272 297
272 336
272 294
272 316
272 303
272 365
272 312
272 284
272 401
272 288
320 321
320 355
320 390
320 326
320 328
320 322
320 331
320 373
320 323
320 372
320 343
320 356
320 352
320 329
320 336
320 365
320 401
346 355
346 390
346 373
346 372
346 356
346 352
346 365
346 401
295 301
295 319
295 311
295 321
295 355
295 390
295 296
295 310
295 326
295 309
295 314
295 305
295 315
295 328
295 322
295 331
295 373
295 323
295 372
295 343
295 299
295 356
295 352
295 329
295 297
295 336
295 316
295 303
295 365
295 312
295 401
295 320
295 346
283 301
283 292
283 319
283 311
283 321
283 355
283 286
283 289
283 390
283 296
283 310
283 326
283 309
283 314
283 290
283 293
283 305
283 315
283 328
283 322
283 287
283 331
283 373
283 323
283 372
283 343
283 299
283 356
283 352
283 329
283 297
283 336
283 294
283 316
283 303
283 365
283 312
283 284
283 401
283 288
283 320
283 346
283 295
285 301
285 292
285 319
285 311
285 321
285 355
285 286
285 289
285 390
285 296
285 310
285 326
285 309
285 314
285 290
285 293
285 305
285 315
285 328
285 322
285 287
285 331
285 373
285 323
285 372
285 343
285 299
285 356
285 352
285 329
285 297
285 336
285 294
285 316
285 303
285 365
285 312
285 401
285 288
285 320
285 346
285 295
334 355
334 390
334 373
334 372
334 343
334 356
334 352
334 336
334 365
334 401
334 346
306 319
306 311
306 321
306 355
306 390
306 310
306 326
306 309
306 314
306 315
306 328
306 322
306 331
306 373
306 323
306 372
306 343
306 356
306 352
306 329
306 336
306 316
306 365
306 312
306 401
306 320
306 346
306 334
361 390
361 373
361 372
361 365
361 401
364 390
364 373
364 372
364 365
364 401
298 301
298 319
298 311
298 321
298 355
298 390
298 310
298 326
298 309
298 314
298 305
298 315
298 328
298 322
298 331
298 373
298 323
298 372
298 343
298 299
298 356
298 352
298 329
298 336
298 316
298 303
298 365
298 312
298 401
298 320
298 346
298 334
298 306
298 361
298 364
363 390
363 373
363 372
363 365
363 401
363 364
282 301
282 292
282 319
282 311
282 321
282 355
282 286
282 289
282 390
282 296
282 310
282 326
282 309
282 314
282 290
282 293
282 305
282 315
282 328
282 322
282 287
282 331
282 373
282 323
282 372
282 343
282 299
282 356
282 352
282 329
282 297
282 336
282 294
282 316
282 303
282 365
282 312
282 284
282 401
282 288
282 320
282 346
282 295
282 283
282 285
282 334
282 306
282 361
282 364
282 298
282 363
335 355
335 390
335 373
335 372
335 343
335 356
335 352
335 336
335 365
335 401
335 346
335 361
335 364
335 363
359 390
359 373
359 372
359 365
359 401
359 361
359 364
359 363
359 427
338 355
338 390
338 373
338 372
338 343
338 356
338 352
338 365
338 401
338 346
338 361
338 364
338 363
338 427
338 359
313 319
313 321
313 355
313 390
313 326
313 314
313 315
313 328
313 322
313 331
313 373
313 323
313 372
313 343
313 356
313 352
313 329
313 336
313 316
313 365
313 401
313 320
313 346
313 334
313 361
313 364
313 363
313 335
313 427
313 359
313 338
337 355
337 390
337 373
337 372
337 343
337 356
337 352
337 365
337 401
337 346
337 361
337 364
337 363
337 427
337 359
337 338
304 319
304 311
304 321
304 355
304 390
304 310
304 326
304 309
304 314
304 305
304 315
304 328
304 322
304 331
304 373
304 323
304 372
304 343
304 356
304 352
304 329
304 336
304 316
304 365
304 312
304 401
304 320
304 346
304 334
304 306
304 361
304 364
304 363
304 335
304 427
304 359
304 338
304 313
304 337
353 355
353 390
353 373
353 372
353 356
353 365
353 401
353 361
353 364
353 363
353 427
353 359
402 427
339 355
339 390
339 373
339 372
339 343
339 356
339 352
339 365
339 401
339 346
339 361
339 364
339 363
339 427
339 359
339 353
339 402
360 390
360 373
360 372
360 365
360 401
360 361
360 364
360 363
360 427
360 402
340 355
340 390
340 373
340 372
340 343
340 356
340 352
340 365
340 401
340 346
340 361
340 364
340 363
340 427
340 359
340 353
340 402
340 360
333 355
333 390
333 373
333 372
333 343
333 356
333 352
333 336
333 365
333 401
333 346
333 334
333 361
333 364
333 363
333 335
333 427
333 359
333 338
333 337
333 353
333 402
333 339
333 360
333 340
416 427
341 355
341 390
341 373
341 372
341 343
341 356
341 352
341 365
341 401
341 346
341 361
341 364
341 363
341 427
341 359
341 353
341 402
341 360
341 416
325 355
325 390
325 326
325 328
325 331
325 373
325 372
325 343
325 356
325 352
325 329
325 336
325 365
325 401
325 346
325 334
325 361
325 364
325 363
325 335
325 427
325 359
325 338
325 337
325 353
325 402
325 339
325 360
325 340
325 333
325 416
325 341
307 319
307 311
307 321
307 355
307 390
307 310
307 326
307 309
307 314
307 315
307 328
307 322
307 331
307 373
307 323
307 372
307 343
307 356
307 352
307 329
307 336
307 316
307 365
307 312
307 401
307 320
307 346
307 334
307 361
307 364
307 363
307 335
307 427
307 359
307 338
307 313
307 337
307 353
307 402
307 339
307 360
307 340
307 333
307 416
307 341
307 325
330 355
330 390
330 331
330 373
330 372
330 343
330 356
330 352
330 336
330 365
330 401
330 346
330 334
330 361
330 364
330 363
330 335
330 427
330 359
330 338
330 337
330 353
330 402
330 339
330 360
330 340
330 333
330 416
330 341
317 319
317 321
317 355
317 390
317 326
317 328
317 322
317 331
317 373
317 323
317 372
317 343
317 356
317 352
317 329
317 336
317 365
317 401
317 320
317 346
317 334
317 361
317 364
317 363
317 335
317 427
317 359
317 338
317 337
317 353
317 402
317 339
317 360
317 340
317 333
317 416
317 341
317 325
317 330
327 355
327 390
327 328
327 331
327 373
327 372
327 343
327 356
327 352
327 329
327 336
327 365
327 401
327 346
327 334
327 361
327 364
327 363
327 335
327 427
327 359
327 338
327 337
327 353
327 402
327 339
327 360
327 340
327 333
327 416
327 341
327 330
291 301
291 292
291 319
291 311
291 321
291 355
291 390
291 296
291 310
291 326
291 309
291 314
291 293
291 305
291 315
291 328
291 322
291 331
291 373
291 323
291 372
291 343
291 299
291 356
291 352
291 329
291 297
291 336
291 294
291 316
291 303
291 365
291 312
291 401
291 320
291 346
291 295
291 334
291 306
291 361
291 364
291 298
291 363
291 335
291 427
291 359
291 338
291 313
291 337
291 304
291 353
291 402
291 339
291 360
291 340
291 333
291 416
291 341
291 325
291 307
291 330
291 317
291 327
302 319
302 311
302 321
302 355
302 390
302 310
302 326
302 309
302 314
302 305
302 315
302 328
302 322
302 331
302 373
302 323
302 372
302 343
302 356
302 352
302 329
302 336
302 316
302 303
302 365
302 312
302 401
302 320
302 346
302 334
302 306
302 361
302 364
302 363
302 335
302 427
302 359
302 338
302 313
302 337
302 304
302 353
302 402
302 339
302 360
302 340
302 333
302 416
302 341
302 325
302 307
302 330
302 317
302 327
389 390
389 401
389 427
389 402
389 416
389 435
385 390
385 401
385 427
385 402
385 416
385 435
385 389
374 390
374 401
374 427
374 402
374 416
374 435
374 389
374 385
366 390
366 373
366 372
366 401
366 427
366 402
366 416
366 435
366 389
366 385
366 374
380 390
380 401
380 427
380 402
380 416
380 435
380 389
380 385
347 355
347 390
347 373
347 372
347 356
347 352
347 365
347 401
347 361
347 364
347 363
347 427
347 359
347 353
347 402
347 360
347 416
347 435
347 389
347 385
347 374
347 366
347 380
348 355
348 390
348 373
348 372
348 356
348 352
348 365
348 401
348 361
348 364
348 363
348 427
348 359
348 353
348 402
348 360
348 416
348 435
348 389
348 385
348 374
348 366
348 380
348 449
375 390
375 401
375 427
375 402
375 416
375 435
375 389
375 385
375 380
375 449
430 435
430 449
362 390
362 373
362 372
362 365
362 401
362 364
362 363
362 427
362 402
362 416
362 435
362 389
362 385
362 374
362 366
362 380
362 449
362 375
362 430
395 401
395 427
395 402
395 416
395 435
395 449
395 430
378 390
378 401
378 427
378 402
378 416
378 435
378 389
378 385
378 380
378 449
378 430
378 395
318 319
318 321
318 355
318 390
318 326
318 328
318 322
318 331
318 373
318 323
318 372
318 343
318 356
318 352
318 329
318 336
318 365
318 401
318 320
318 346
318 334
318 361
318 364
318 363
318 335
318 427
318 359
318 338
318 337
318 353
318 402
318 339
318 360
318 340
318 333
318 416
318 341
318 325
318 330
318 327
318 435
318 389
318 385
318 374
318 366
318 380
318 347
318 449
318 348
318 375
318 430
318 362
318 395
318 378
415 427
415 416
415 435
415 449
415 430
396 401
396 427
396 402
396 416
396 435
396 449
396 430
396 415
332 355
332 390
332 373
332 372
332 343
332 356
332 352
332 336
332 365
332 401
332 346
332 334
332 361
332 364
332 363
332 335
332 427
332 359
332 338
332 337
332 353
332 402
332 339
332 360
332 340
332 333
332 416
332 341
332 435
332 389
332 385
332 374
332 366
332 380
332 347
332 449
332 348
332 375
332 430
332 362
332 395
332 378
332 415
332 396
429 435
429 449
429 430
358 390
358 373
358 372
358 365
358 401
358 361
358 364
358 363
358 427
358 359
358 402
358 360
358 416
358 435
358 389
358 385
358 374
358 366
358 380
358 449
358 375
358 430
358 362
358 395
358 378
358 415
358 396
358 429
391 401
391 427
391 402
391 416
391 435
391 449
391 430
391 395
391 415
391 396
391 429
393 401
393 427
393 402
393 416
393 435
393 449
393 430
393 395
393 415
393 396
393 429
354 355
354 390
354 373
354 372
354 356
354 365
354 401
354 361
354 364
354 363
354 427
354 359
354 402
354 360
354 416
354 435
354 389
354 385
354 374
354 366
354 380
354 449
354 375
354 430
354 362
354 395
354 378
354 415
354 396
354 429
354 358
354 391
354 393
417 427
417 435
417 449
417 430
417 429
349 355
349 390
349 373
349 372
349 356
349 352
349 365
349 401
349 361
349 364
349 363
349 427
349 359
349 353
349 402
349 360
349 416
349 435
349 389
349 385
349 374
349 366
349 380
349 449
349 375
349 430
349 362
349 395
349 378
349 415
349 396
349 429
349 358
349 391
349 393
349 354
349 417
370 390
370 373
370 372
370 401
370 427
370 402
370 416
370 435
370 389
370 385
370 374
370 380
370 449
370 375
370 430
370 395
370 378
370 415
370 396
370 429
370 391
370 393
370 417
300 301
300 319
300 311
300 321
300 355
300 390
300 310
300 326
300 309
300 314
300 305
300 315
300 328
300 322
300 331
300 373
300 323
300 372
300 343
300 356
300 352
300 329
300 336
300 316
300 303
300 365
300 312
300 401
300 320
300 346
300 334
300 306
300 361
300 364
300 363
300 335
300 427
300 359
300 338
300 313
300 337
300 304
300 353
300 402
300 339
300 360
300 340
300 333
300 416
300 341
300 325
300 307
300 330
300 317
300 327
300 302
300 435
300 389
300 385
300 374
300 366
300 380
300 347
300 449
300 348
300 375
300 430
300 362
300 395
300 378
300 318
300 415
300 396
300 332
300 429
300 358
300 391
300 393
300 354
300 417
300 349
300 370
405 427
405 416
405 435
405 449
405 430
405 415
405 429
405 417
345 355
345 390
345 373
345 372
345 356
345 352
345 365
345 401
345 346
345 361
345 364
345 363
345 427
345 359
345 353
345 402
345 360
345 416
345 435
345 389
345 385
345 374
345 366
345 380
345 347
345 449
345 348
345 375
345 430
345 362
345 395
345 378
345 415
345 396
345 429
345 358
345 391
345 393
345 354
345 417
345 349
345 370
345 405
399 401
399 427
399 402
399 416
399 435
399 449
399 430
399 415
399 429
399 417
399 405
350 355
350 390
350 373
350 372
350 356
350 352
350 365
350 401
350 361
350 364
350 363
350 427
350 359
350 353
350 402
350 360
350 416
350 435
350 389
350 385
350 374
350 366
350 380
350 449
350 375
350 430
350 362
350 395
350 378
350 415
350 396
350 429
350 358
350 391
350 393
350 354
350 417
350 370
350 405
350 399
383 390
383 401
383 427
383 402
383 416
383 435
383 389
383 385
383 449
383 430
383 395
383 415
383 396
383 429
383 391
383 393
383 417
383 405
383 399
351 355
351 390
351 373
351 372
351 356
351 352
351 365
351 401
351 361
351 364
351 363
351 427
351 359
351 353
351 402
351 360
351 416
351 435
351 389
351 385
351 374
351 366
351 380
351 449
351 375
351 430
351 362
351 395
351 378
351 415
351 396
351 429
351 358
351 391
351 393
351 354
351 417
351 370
351 405
351 399
351 383
428 435
428 449
428 430
428 429
376 390
376 401
376 427
376 402
376 416
376 435
376 389
376 385
376 380
376 449
376 430
376 395
376 378
376 415
376 396
376 429
376 391
376 393
376 417
376 405
376 399
376 383
376 428
420 427
420 435
420 449
420 430
420 429
420 428
445 449
368 390
368 373
368 372
368 401
368 427
368 402
368 416
368 435
368 389
368 385
368 374
368 380
368 449
368 375
368 430
368 395
368 378
368 415
368 396
368 429
368 391
368 393
368 417
368 370
368 405
368 399
368 383
368 428
368 376
368 420
368 445
357 390
357 373
357 372
357 365
357 401
357 361
357 364
357 363
357 427
357 359
357 402
357 360
357 416
357 435
357 389
357 385
357 374
357 366
357 380
357 449
357 375
357 430
357 362
357 395
357 378
357 415
357 396
357 429
357 358
357 391
357 393
357 417
357 370
357 405
357 399
357 383
357 428
357 376
357 420
357 445
357 368
437 449
437 445
342 355
342 390
342 373
342 372
342 343
342 356
342 352
342 365
342 401
342 346
342 361
342 364
342 363
342 427
342 359
342 353
342 402
342 360
342 416
342 435
342 389
342 385
342 374
342 366
342 380
342 347
342 449
342 348
342 375
342 430
342 362
342 395
342 378
342 415
342 396
342 429
342 358
342 391
342 393
342 354
342 417
342 349
342 370
342 405
342 345
342 399
342 350
342 383
342 351
342 428
342 376
342 420
342 445
342 368
342 357
342 437
342 451
379 390
379 401
379 427
379 402
379 416
379 435
379 389
379 385
379 380
379 449
379 430
379 395
379 415
379 396
379 429
379 391
379 393
379 417
379 405
379 399
379 383
379 428
379 420
379 445
379 437
379 451
386 390
386 401
386 427
386 402
386 416
386 435
386 389
386 449
386 430
386 395
386 415
386 396
386 429
386 391
386 393
386 417
386 405
386 399
386 428
386 420
386 445
386 437
386 451
414 427
414 416
414 435
414 449
414 430
414 415
414 429
414 417
414 428
414 420
414 445
414 437
414 451
381 390
381 401
381 427
381 402
381 416
381 435
381 389
381 385
381 449
381 430
381 395
381 415
381 396
381 429
381 391
381 393
381 417
381 405
381 399
381 383
381 428
381 420
381 445
381 437
381 451
381 386
381 414
422 427
422 435
422 449
422 430
422 429
422 428
422 445
422 437
422 451
344 355
344 390
344 373
344 372
344 356
344 352
344 365
344 401
344 346
344 361
344 364
344 363
344 427
344 359
344 353
344 402
344 360
344 416
344 435
344 389
344 385
344 374
344 366
344 380
344 347
344 449
344 348
344 375
344 430
344 362
344 395
344 378
344 415
344 396
344 429
344 358
344 391
344 393
344 354
344 417
344 349
344 370
344 405
344 345
344 399
344 350
344 383
344 351
344 428
344 376
344 420
344 445
344 368
344 357
344 437
344 451
344 379
344 386
344 414
344 381
344 422
442 449
442 445
442 451
382 390
382 401
382 427
382 402
382 416
382 435
382 389
382 385
382 449
382 430
382 395
382 415
382 396
382 429
382 391
382 393
382 417
382 405
382 399
382 383
382 428
382 420
382 445
382 437
382 451
382 386
382 414
382 422
382 442
397 401
397 427
397 402
397 416
397 435
397 449
397 430
397 415
397 429
397 417
397 405
397 399
397 428
397 420
397 445
397 437
397 451
397 414
397 422
397 442
406 427
406 416
406 435
406 449
406 430
406 415
406 429
406 417
406 428
406 420
406 445
406 437
406 451
406 414
406 422
406 442
440 449
440 445
440 451
440 442
394 401
394 427
394 402
394 416
394 435
394 449
394 430
394 395
394 415
394 396
394 429
394 417
394 405
394 399
394 428
394 420
394 445
394 437
394 451
394 414
394 422
394 442
394 397
394 406
394 440
426 427
426 435
426 449
426 430
426 429
426 428
426 445
426 437
426 451
426 442
426 440
423 427
423 435
423 449
423 430
423 429
423 428
423 445
423 437
423 451
423 442
423 440
423 426
423 454
324 355
324 390
324 326
324 328
324 331
324 373
324 372
324 343
324 356
324 352
324 329
324 336
324 365
324 401
324 346
324 334
324 361
324 364
324 363
324 335
324 427
324 359
324 338
324 337
324 353
324 402
324 339
324 360
324 340
324 333
324 416
324 341
324 325
324 330
324 327
324 435
324 389
324 385
324 374
324 366
324 380
324 347
324 449
324 348
324 375
324 430
324 362
324 395
324 378
324 415
324 396
324 332
324 429
324 358
324 391
324 393
324 354
324 417
324 349
324 370
324 405
324 345
324 399
324 350
324 383
324 351
324 428
324 376
324 420
324 445
324 368
324 357
324 437
324 451
324 342
324 379
324 386
324 414
324 381
324 422
324 344
324 442
324 382
324 397
324 406
324 440
324 394
324 426
324 454
324 423
443 449
443 445
443 451
443 454
438 449
438 445
438 451
438 442
438 440
438 454
438 443
308 319
308 311
308 321
308 355
308 390
308 310
308 326
308 309
308 314
308 315
308 328
308 322
308 331
308 373
308 323
308 372
308 343
308 356
308 352
308 329
308 336
308 316
308 365
308 312
308 401
308 320
308 346
308 334
308 361
308 364
308 363
308 335
308 427
308 359
308 338
308 313
308 337
308 353
308 402
308 339
308 360
308 340
308 333
308 416
308 341
308 325
308 330
308 317
308 327
308 435
308 389
308 385
308 374
308 366
308 380
308 347
308 449
308 348
308 375
308 430
308 362
308 395
308 378
308 318
308 415
308 396
308 332
308 429
308 358
308 391
308 393
308 354
308 417
308 349
308 370
308 405
308 345
308 399
308 350
308 383
308 351
308 428
308 376
308 420
308 445
308 368
308 357
308 437
308 451
308 342
308 379
308 386
308 414
308 381
308 422
308 344
308 442
308 382
308 397
308 406
308 440
308 394
308 426
308 454
308 423
308 324
308 443
308 438
439 449
439 445
439 451
439 442
439 440
439 454
439 443
441 449
441 445
441 451
441 442
441 454
441 443
387 390
387 401
387 427
387 402
387 416
387 435
387 389
387 449
387 430
387 395
387 415
387 396
387 429
387 391
387 393
387 417
387 405
387 399
387 428
387 420
387 445
387 437
387 451
387 414
387 422
387 442
387 397
387 406
387 440
387 394
387 426
387 454
387 423
387 443
387 438
387 439
387 441
371 390
371 373
371 372
371 401
371 427
371 402
371 416
371 435
371 389
371 385
371 374
371 380
371 449
371 375
371 430
371 395
371 378
371 415
371 396
371 429
371 391
371 393
371 417
371 405
371 399
371 383
371 428
371 376
371 420
371 445
371 437
371 451
371 379
371 386
371 414
371 381
371 422
371 442
371 382
371 397
371 406
371 440
371 394
371 426
371 454
371 423
371 443
371 438
371 439
371 441
371 387
448 449
448 451
448 454
407 427
407 416
407 435
407 449
407 430
407 415
407 429
407 417
407 428
407 420
407 445
407 437
407 451
407 414
407 422
407 442
407 440
407 426
407 454
407 423
407 443
407 438
407 439
407 441
407 448
388 390
388 401
388 427
388 402
388 416
388 435
388 389
388 449
388 430
388 395
388 415
388 396
388 429
388 391
388 393
388 417
388 405
388 399
388 428
388 420
388 445
388 437
388 451
388 414
388 422
388 442
388 397
388 406
388 440
388 394
388 426
388 454
388 423
388 443
388 438
388 439
388 441
388 448
388 407
425 427
425 435
425 449
425 430
425 429
425 428
425 445
425 437
425 451
425 442
425 440
425 426
425 454
425 443
425 438
425 439
425 441
425 448
421 427
421 435
421 449
421 430
421 429
421 428
421 445
421 437
421 451
421 422
421 442
421 440
421 426
421 454
421 423
421 443
421 438
421 439
421 441
421 448
421 425
411 427
411 416
411 435
411 449
411 430
411 415
411 429
411 417
411 428
411 420
411 445
411 437
411 451
411 414
411 422
411 442
411 440
411 426
411 454
411 423
411 443
411 438
411 439
411 441
411 448
411 425
411 421
404 427
404 416
404 435
404 449
404 430
404 415
404 429
404 417
404 405
404 428
404 420
404 445
404 437
404 451
404 414
404 422
404 442
404 406
404 440
404 426
404 454
404 423
404 443
404 438
404 439
404 441
404 448
404 407
404 425
404 421
404 411
412 427
412 416
412 435
412 449
412 430
412 415
412 429
412 417
412 428
412 420
412 445
412 437
412 451
412 414
412 422
412 442
412 440
412 426
412 454
412 423
412 443
412 438
412 439
412 441
412 448
412 425
412 421
433 435
433 449
433 445
433 437
433 451
433 442
433 440
433 454
433 443
433 438
433 439
433 441
433 448
377 390
377 401
377 427
377 402
377 416
377 435
377 389
377 385
377 380
377 449
377 430
377 395
377 378
377 415
377 396
377 429
377 391
377 393
377 417
377 405
377 399
377 383
377 428
377 420
377 445
377 437
377 451
377 379
377 386
377 414
377 381
377 422
377 442
377 382
377 397
377 406
377 440
377 394
377 426
377 454
377 423
377 443
377 438
377 439
377 441
377 387
377 448
377 407
377 388
377 425
377 421
377 411
377 404
377 412
377 433
447 449
447 451
447 454
447 448
434 435
434 449
434 445
434 437
434 451
434 442
434 440
434 454
434 443
434 438
434 439
434 441
434 448
434 447
418 427
418 435
418 449
418 430
418 429
418 428
418 420
418 445
418 437
418 451
418 422
418 442
418 440
418 426
418 454
418 423
418 443
418 438
418 439
418 441
418 448
418 425
418 421
418 433
418 447
418 434
431 435
431 449
431 445
431 437
431 451
431 442
431 440
431 454
431 443
431 438
431 439
431 441
431 448
431 433
431 447
431 434
432 435
432 449
432 445
432 437
432 451
432 442
432 440
432 454
432 443
432 438
432 439
432 441
432 448
432 433
432 447
432 434
424 427
424 435
424 449
424 430
424 429
424 428
424 445
424 437
424 451
424 442
424 440
424 426
424 454
424 443
424 438
424 439
424 441
424 448
424 425
424 433
424 447
424 434
424 431
424 432
424 455
409 427
409 416
409 435
409 449
409 430
409 415
409 429
409 417
409 428
409 420
409 445
409 437
409 451
409 414
409 422
409 442
409 440
409 426
409 454
409 423
409 443
409 438
409 439
409 441
409 448
409 425
409 421
409 411
409 412
409 433
409 447
409 434
409 418
409 431
409 432
409 455
409 424
403 427
403 416
403 435
403 449
403 430
403 415
403 429
403 417
403 405
403 428
403 420
403 445
403 437
403 451
403 414
403 422
403 442
403 406
403 440
403 426
403 454
403 423
403 443
403 438
403 439
403 441
403 448
403 407
403 425
403 421
403 411
403 404
403 412
403 433
403 447
403 434
403 418
403 431
403 432
403 455
403 424
403 409
410 427
410 416
410 435
410 449
410 430
410 415
410 429
410 417
410 428
410 420
410 445
410 437
410 451
410 414
410 422
410 442
410 440
410 426
410 454
410 423
410 443
410 438
410 439
410 441
410 448
410 425
410 421
410 411
410 412
410 433
410 447
410 434
410 418
410 431
410 432
410 455
410 424
367 390
367 373
367 372
367 401
367 427
367 402
367 416
367 435
367 389
367 385
367 374
367 380
367 449
367 375
367 430
367 395
367 378
367 415
367 396
367 429
367 391
367 393
367 417
367 370
367 405
367 399
367 383
367 428
367 376
367 420
367 445
367 368
367 437
367 451
367 379
367 386
367 414
367 381
367 422
367 442
367 382
367 397
367 406
367 440
367 394
367 426
367 454
367 423
367 443
367 438
367 439
367 441
367 387
367 371
367 448
367 407
367 388
367 425
367 421
367 411
367 404
367 412
367 433
367 377
367 447
367 434
367 418
367 431
367 432
367 455
367 424
367 409
367 403
367 410
436 449
436 445
436 437
436 451
436 442
436 440
436 454
436 443
436 438
436 439
436 441
436 448
436 447
436 455
408 427
408 416
408 435
408 449
408 430
408 415
408 429
408 417
408 428
408 420
408 445
408 437
408 451
408 414
408 422
408 442
408 440
408 426
408 454
408 423
408 443
408 438
408 439
408 441
408 448
408 425
408 421
408 411
408 412
408 433
408 447
408 434
408 418
408 431
408 432
408 455
408 424
408 409
408 410
408 436
408 456
444 449
444 445
444 451
444 454
444 448
444 447
444 455
444 456
400 401
400 427
400 402
400 416
400 435
400 449
400 430
400 415
400 429
400 417
400 405
400 428
400 420
400 445
400 437
400 451
400 414
400 422
400 442
400 406
400 440
400 426
400 454
400 423
400 443
400 438
400 439
400 441
400 448
400 407
400 425
400 421
400 411
400 404
400 412
400 433
400 447
400 434
400 418
400 431
400 432
400 455
400 424
400 409
400 403
400 410
400 436
400 456
400 408
400 444
413 427
413 416
413 435
413 449
413 430
413 415
413 429
413 417
413 428
413 420
413 445
413 437
413 451
413 414
413 422
413 442
413 440
413 426
413 454
413 423
413 443
413 438
413 439
413 441
413 448
413 425
413 421
413 433
413 447
413 434
413 418
413 431
413 432
413 455
413 424
413 436
413 456
413 444
450 451
450 454
450 455
450 456
369 390
369 373
369 372
369 401
369 427
369 402
369 416
369 435
369 389
369 385
369 374
369 380
369 449
369 375
369 430
369 395
369 378
369 415
369 396
369 429
369 391
369 393
369 417
369 370
369 405
369 399
369 383
369 428
369 376
369 420
369 445
369 437
369 451
369 379
369 386
369 414
369 381
369 422
369 442
369 382
369 397
369 406
369 440
369 394
369 426
369 454
369 423
369 443
369 438
369 439
369 441
369 387
369 371
369 448
369 407
369 388
369 425
369 421
369 411
369 404
369 412
369 433
369 377
369 447
369 434
369 418
369 431
369 432
369 455
369 424
369 409
369 403
369 410
369 436
369 456
369 408
369 444
369 400
369 413
369 450
419 427
419 435
419 449
419 430
419 429
419 428
419 420
419 445
419 437
419 451
419 422
419 442
419 440
419 426
419 454
419 423
419 443
419 438
419 439
419 441
419 448
419 425
419 421
419 433
419 447
419 434
419 431
419 432
419 455
419 424
419 436
419 456
419 444
419 450
398 401
398 427
398 402
398 416
398 435
398 449
398 430
398 415
398 429
398 417
398 405
398 399
398 428
398 420
398 445
398 437
398 451
398 414
398 422
398 442
398 406
398 440
398 426
398 454
398 423
398 443
398 438
398 439
398 441
398 448
398 407
398 425
398 421
398 411
398 404
398 412
398 433
398 447
398 434
398 418
398 431
398 432
398 455
398 424
398 409
398 403
398 410
398 436
398 456
398 408
398 444
398 400
398 413
398 450
398 419
384 390
384 401
384 427
384 402
384 416
384 435
384 389
384 385
384 449
384 430
384 395
384 415
384 396
384 429
384 391
384 393
384 417
384 405
384 399
384 428
384 420
384 445
384 437
384 451
384 386
384 414
384 422
384 442
384 397
384 406
384 440
384 394
384 426
384 454
384 423
384 443
384 438
384 439
384 441
384 387
384 448
384 407
384 388
384 425
384 421
384 411
384 404
384 412
384 433
384 447
384 434
384 418
384 431
384 432
384 455
384 424
384 409
384 403
384 410
384 436
384 456
384 408
384 444
384 400
384 413
384 450
384 419
384 398
453 454
453 455
453 456
452 454
452 455
452 456
452 453
446 449
446 451
446 454
446 448
446 447
446 455
446 456
446 450
446 453
446 452
392 401
392 427
392 402
392 416
392 435
392 449
392 430
392 395
392 415
392 396
392 429
392 393
392 417
392 405
392 399
392 428
392 420
392 445
392 437
392 451
392 414
392 422
392 442
392 397
392 406
392 440
392 394
392 426
392 454
392 423
392 443
392 438
392 439
392 441
392 448
392 407
392 425
392 421
392 411
392 404
392 412
392 433
392 447
392 434
392 418
392 431
392 432
392 455
392 424
392 409
392 403
392 410
392 436
392 456
392 408
392 444
392 400
392 413
392 450
392 419
392 398
392 453
392 452
392 446
