792 10000
6 10
18 23
9 10
9 23
9 18
17 23
17 18
17 38
17 47
45 47
8 10
8 23
8 18
8 9
8 38
8 47
8 17
8 45
8 52
36 38
36 47
36 45
36 52
7 10
7 23
7 18
7 9
7 38
7 47
7 17
7 45
7 52
7 8
7 36
50 52
12 23
12 18
12 38
12 47
12 17
12 45
12 52
12 36
12 50
20 23
20 38
20 47
20 45
20 52
20 36
20 50
25 38
25 47
25 45
25 52
25 36
25 50
15 23
15 18
15 38
15 47
15 17
15 45
15 52
15 36
15 50
15 20
15 25
21 23
21 38
21 47
21 45
21 52
21 36
21 50
21 25
1 10
1 6
1 23
1 18
1 9
1 38
1 47
1 17
1 45
1 52
1 8
1 36
1 7
1 50
1 12
1 20
1 25
1 15
1 21
16 23
16 18
16 38
16 47
16 17
16 45
16 52
16 36
16 50
16 20
16 25
16 21
29 38
29 47
29 45
29 52
29 36
29 50
13 23
13 18
13 38
13 47
13 17
13 45
13 52
13 36
13 50
13 20
13 25
13 15
13 21
13 16
13 29
13 65
13 101
24 38
24 47
24 45
24 52
24 36
24 50
24 25
24 29
24 65
24 101
40 47
40 45
40 52
40 50
40 65
40 101
11 23
11 18
11 38
11 47
11 17
11 45
11 52
11 36
11 50
11 12
11 20
11 25
11 15
11 21
11 16
11 29
11 65
11 101
11 13
11 24
11 40
64 65
64 101
4 10
4 6
4 23
4 18
4 9
4 38
4 47
4 17
4 45
4 52
4 8
4 36
4 7
4 50
4 12
4 20
4 25
4 15
4 21
4 16
4 29
4 65
4 101
4 13
4 24
4 40
4 11
4 64
32 38
32 47
32 45
32 52
32 36
32 50
32 65
32 101
32 40
32 64
35 38
35 47
35 45
35 52
35 36
35 50
35 65
35 101
35 40
35 64
34 38
34 47
34 45
34 52
34 36
34 50
34 65
34 101
34 40
34 64
34 35
27 38
27 47
27 45
27 52
27 36
27 50
27 29
27 65
27 101
27 40
27 64
27 32
27 35
27 34
14 23
14 18
14 38
14 47
14 17
14 45
14 52
14 36
14 50
14 20
14 25
14 15
14 21
14 16
14 29
14 65
14 101
14 24
14 40
14 64
14 32
14 35
14 34
14 27
59 65
59 101
59 64
42 47
42 45
42 52
42 50
42 65
42 101
42 64
42 59
28 38
28 47
28 45
28 52
28 36
28 50
28 29
28 65
28 101
28 40
28 64
28 32
28 35
28 34
28 59
28 42
22 23
22 38
22 47
22 45
22 52
22 36
22 50
22 25
22 29
22 65
22 101
22 24
22 40
22 64
22 32
22 35
22 34
22 27
22 59
22 42
22 28
41 47
41 45
41 52
41 50
41 65
41 101
41 64
41 59
41 42
66 101
86 101
57 65
57 101
57 64
57 59
57 66
57 86
33 38
33 47
33 45
33 52
33 36
33 50
33 65
33 101
33 40
33 64
33 35
33 34
33 59
33 42
33 41
33 66
33 86
33 57
54 65
54 101
54 64
54 59
54 66
54 86
54 57
46 47
46 52
46 50
46 65
46 101
46 64
46 59
46 66
46 86
46 57
46 54
31 38
31 47
31 45
31 52
31 36
31 50
31 65
31 101
31 40
31 64
31 32
31 35
31 34
31 59
31 42
31 41
31 66
31 86
31 57
31 33
31 54
31 46
51 52
51 65
51 101
51 64
51 59
51 66
51 86
51 57
51 54
58 65
58 101
58 64
58 59
58 66
58 86
26 38
26 47
26 45
26 52
26 36
26 50
26 29
26 65
26 101
26 40
26 64
26 32
26 35
26 34
26 27
26 59
26 42
26 28
26 41
26 66
26 86
26 57
26 33
26 54
26 46
26 31
26 51
26 58
37 38
37 47
37 45
37 52
37 50
37 65
37 101
37 40
37 64
37 59
37 42
37 41
37 66
37 86
37 57
37 54
37 46
37 51
37 58
3 10
3 6
3 23
3 18
3 9
3 38
3 47
3 17
3 45
3 52
3 8
3 36
3 7
3 50
3 12
3 20
3 25
3 15
3 21
3 16
3 29
3 65
3 101
3 13
3 24
3 40
3 11
3 64
3 4
3 32
3 35
3 34
3 27
3 14
3 59
3 42
3 28
3 22
3 41
3 66
3 86
3 57
3 33
3 54
3 46
3 31
3 51
3 58
3 26
3 37
5 10
5 6
5 23
5 18
5 9
5 38
5 47
5 17
5 45
5 52
5 8
5 36
5 7
5 50
5 12
5 20
5 25
5 15
5 21
5 16
5 29
5 65
5 101
5 13
5 24
5 40
5 11
5 64
5 32
5 35
5 34
5 27
5 14
5 59
5 42
5 28
5 22
5 41
5 66
5 86
5 57
5 33
5 54
5 46
5 31
5 51
5 58
5 26
5 37
79 101
79 86
77 101
77 86
77 79
68 101
68 86
68 79
68 77
48 52
48 50
48 65
48 101
48 64
48 59
48 66
48 86
48 57
48 54
48 51
48 58
48 79
48 77
48 68
39 47
39 45
39 52
39 50
39 65
39 101
39 40
39 64
39 59
39 42
39 41
39 66
39 86
39 57
39 54
39 46
39 51
39 58
39 79
39 77
39 68
39 48
71 101
71 86
71 79
71 77
19 23
19 38
19 47
19 45
19 52
19 36
19 50
19 20
19 25
19 21
19 29
19 65
19 101
19 24
19 40
19 64
19 32
19 35
19 34
19 27
19 59
19 42
19 28
19 22
19 41
19 66
19 86
19 57
19 33
19 54
19 46
19 31
19 51
19 58
19 26
19 37
19 79
19 77
19 68
19 48
19 39
19 71
49 52
49 50
49 65
49 101
49 64
49 59
49 66
49 86
49 57
49 54
49 51
49 58
49 79
49 77
49 68
49 71
61 65
61 101
61 64
61 66
61 86
61 79
61 77
61 68
61 71
89 101
89 109
55 65
55 101
55 64
55 59
55 66
55 86
55 57
55 58
55 79
55 77
55 68
55 71
55 61
55 109
55 89
44 47
44 45
44 52
44 50
44 65
44 101
44 64
44 59
44 66
44 86
44 57
44 54
44 46
44 51
44 58
44 79
44 77
44 68
44 48
44 71
44 49
44 61
44 109
44 89
44 55
60 65
60 101
60 64
60 66
60 86
60 79
60 77
60 68
60 71
60 61
60 109
60 89
72 101
72 86
72 79
72 77
72 109
72 89
93 101
93 109
56 65
56 101
56 64
56 59
56 66
56 86
56 57
56 58
56 79
56 77
56 68
56 71
56 61
56 109
56 89
56 60
56 72
56 93
70 101
70 86
70 79
70 77
70 71
70 109
70 89
70 72
70 93
99 101
99 109
99 114
62 65
62 101
62 64
62 66
62 86
62 79
62 77
62 68
62 71
62 109
62 89
62 72
62 93
62 70
62 114
62 99
69 101
69 86
69 79
69 77
69 71
69 109
69 89
69 72
69 93
69 70
69 114
69 99
83 101
83 86
83 109
83 89
83 93
83 114
83 99
30 38
30 47
30 45
30 52
30 36
30 50
30 65
30 101
30 40
30 64
30 32
30 35
30 34
30 59
30 42
30 41
30 66
30 86
30 57
30 33
30 54
30 46
30 31
30 51
30 58
30 37
30 79
30 77
30 68
30 48
30 39
30 71
30 49
30 61
30 109
30 89
30 55
30 44
30 60
30 72
30 93
30 56
30 70
30 114
30 99
30 62
30 69
30 83
110 114
43 47
43 45
43 52
43 50
43 65
43 101
43 64
43 59
43 66
43 86
43 57
43 54
43 46
43 51
43 58
43 79
43 77
43 68
43 48
43 71
43 49
43 61
43 109
43 89
43 55
43 44
43 60
43 72
43 93
43 56
43 70
43 114
43 99
43 62
43 69
43 83
43 110
2 10
2 6
2 23
2 18
2 9
2 38
2 47
2 17
2 45
2 52
2 8
2 36
2 7
2 50
2 12
2 20
2 25
2 15
2 21
2 16
2 29
2 65
2 101
2 13
2 24
2 40
2 11
2 64
2 4
2 32
2 35
2 34
2 27
2 14
2 59
2 42
2 28
2 22
2 41
2 66
2 86
2 57
2 33
2 54
2 46
2 31
2 51
2 58
2 26
2 37
2 3
2 5
2 79
2 77
2 68
2 48
2 39
2 71
2 19
2 49
2 61
2 109
2 89
2 55
2 44
2 60
2 72
2 93
2 56
2 70
2 114
2 99
2 62
2 69
2 83
2 30
2 110
2 43
76 101
76 86
76 79
76 77
76 109
76 89
76 93
76 114
76 99
76 83
76 110
53 65
53 101
53 64
53 59
53 66
53 86
53 57
53 54
53 58
53 79
53 77
53 68
53 71
53 61
53 109
53 89
53 55
53 60
53 72
53 93
53 56
53 70
53 114
53 99
53 62
53 69
53 83
53 110
53 76
82 101
82 86
82 109
82 89
82 93
82 114
82 99
82 83
82 110
82 119
80 101
80 86
80 109
80 89
80 93
80 114
80 99
80 83
80 110
80 119
80 82
67 101
67 86
67 79
67 77
67 68
67 71
67 109
67 89
67 72
67 93
67 70
67 114
67 99
67 69
67 83
67 110
67 76
67 119
67 82
67 80
88 101
88 109
88 89
88 93
88 114
88 99
88 110
88 119
117 119
92 101
92 109
92 93
92 114
92 99
92 110
92 119
92 117
73 101
73 86
73 79
73 77
73 109
73 89
73 93
73 114
73 99
73 83
73 110
73 76
73 119
73 82
73 80
73 88
73 117
73 92
107 109
107 114
107 110
107 119
107 117
102 109
102 114
102 110
102 119
102 117
102 107
95 101
95 109
95 114
95 99
95 110
95 119
95 117
95 107
95 102
63 65
63 101
63 64
63 66
63 86
63 79
63 77
63 68
63 71
63 109
63 89
63 72
63 93
63 70
63 114
63 99
63 69
63 83
63 110
63 76
63 119
63 82
63 80
63 67
63 88
63 117
63 92
63 73
63 107
63 102
63 95
100 101
100 109
100 114
100 110
100 119
100 117
100 107
100 102
74 101
74 86
74 79
74 77
74 109
74 89
74 93
74 114
74 99
74 83
74 110
74 76
74 119
74 82
74 80
74 88
74 117
74 92
74 107
74 102
74 95
74 100
115 119
115 117
127 129
122 129
122 127
122 131
130 131
94 101
94 109
94 114
94 99
94 110
94 119
94 117
94 107
94 102
94 95
94 100
94 115
94 129
94 127
94 131
94 122
94 130
90 101
90 109
90 93
90 114
90 99
90 110
90 119
90 117
90 92
90 107
90 102
90 95
90 100
90 115
90 129
90 127
90 131
90 122
90 130
90 94
103 109
103 114
103 110
103 119
103 117
103 107
103 115
103 129
103 127
103 131
103 122
103 130
81 101
81 86
81 109
81 89
81 93
81 114
81 99
81 83
81 110
81 119
81 82
81 88
81 117
81 92
81 107
81 102
81 95
81 100
81 115
81 129
81 127
81 131
81 122
81 130
81 94
81 90
81 103
113 114
113 119
113 117
113 115
113 129
113 127
113 131
113 122
113 130
91 101
91 109
91 93
91 114
91 99
91 110
91 119
91 117
91 92
91 107
91 102
91 95
91 100
91 115
91 129
91 127
91 131
91 122
91 130
91 94
91 103
91 113
104 109
104 114
104 110
104 119
104 117
104 107
104 115
104 129
104 127
104 131
104 122
104 130
104 113
75 101
75 86
75 79
75 77
75 109
75 89
75 93
75 114
75 99
75 83
75 110
75 76
75 119
75 82
75 80
75 88
75 117
75 92
75 107
75 102
75 95
75 100
75 115
75 129
75 127
75 131
75 122
75 130
75 94
75 90
75 103
75 81
75 113
75 91
75 104
78 101
78 86
78 79
78 109
78 89
78 93
78 114
78 99
78 83
78 110
78 119
78 82
78 80
78 88
78 117
78 92
78 107
78 102
78 95
78 100
78 115
78 129
78 127
78 131
78 122
78 130
78 94
78 90
78 103
78 81
78 113
78 91
78 104
85 101
85 86
85 109
85 89
85 93
85 114
85 99
85 110
85 119
85 88
85 117
85 92
85 107
85 102
85 95
85 100
85 115
85 129
85 127
85 131
85 122
85 130
85 94
85 90
85 103
85 113
85 91
85 104
87 101
87 109
87 89
87 93
87 114
87 99
87 110
87 119
87 88
87 117
87 92
87 107
87 102
87 95
87 100
87 115
87 129
87 127
87 131
87 122
87 130
87 94
87 90
87 103
87 113
87 91
87 104
133 160
96 101
96 109
96 114
96 99
96 110
96 119
96 117
96 107
96 102
96 100
96 115
96 129
96 127
96 131
96 122
96 130
96 103
96 113
96 104
96 160
96 133
84 101
84 86
84 109
84 89
84 93
84 114
84 99
84 110
84 119
84 88
84 117
84 92
84 107
84 102
84 95
84 100
84 115
84 129
84 127
84 131
84 122
84 130
84 94
84 90
84 103
84 113
84 91
84 104
84 85
84 87
84 160
84 133
84 96
111 114
111 119
111 117
111 115
111 129
111 127
111 131
111 122
111 130
111 113
111 160
111 133
105 109
105 114
105 110
105 119
105 117
105 107
105 115
105 129
105 127
105 131
105 122
105 130
105 113
105 160
105 133
105 111
105 175
120 129
120 127
120 131
120 122
120 130
120 160
120 133
120 175
128 129
128 131
128 130
128 160
128 133
128 175
154 160
154 175
97 101
97 109
97 114
97 99
97 110
97 119
97 117
97 107
97 102
97 100
97 115
97 129
97 127
97 131
97 122
97 130
97 103
97 113
97 104
97 160
97 133
97 111
97 175
97 105
97 120
97 128
97 154
123 129
123 127
123 131
123 130
123 160
123 133
123 175
123 128
123 154
156 160
156 175
141 160
141 175
141 154
141 156
124 129
124 127
124 131
124 130
124 160
124 133
124 175
124 128
124 154
124 156
124 141
158 160
158 175
106 109
106 114
106 110
106 119
106 117
106 107
106 115
106 129
106 127
106 131
106 122
106 130
106 113
106 160
106 133
106 111
106 175
106 120
106 128
106 154
106 123
106 156
106 141
106 124
106 158
98 101
98 109
98 114
98 99
98 110
98 119
98 117
98 107
98 102
98 100
98 115
98 129
98 127
98 131
98 122
98 130
98 103
98 113
98 104
98 160
98 133
98 111
98 175
98 105
98 120
98 128
98 154
98 123
98 156
98 141
98 124
98 158
98 106
108 109
108 114
108 110
108 119
108 117
108 115
108 129
108 127
108 131
108 122
108 130
108 113
108 160
108 133
108 111
108 175
108 120
108 128
108 154
108 123
108 156
108 141
108 124
108 158
132 160
132 133
132 175
132 154
132 156
132 141
132 158
138 160
138 175
138 154
138 156
138 141
138 158
139 160
139 175
139 154
139 156
139 141
139 158
143 160
143 175
143 154
143 156
143 158
163 175
126 129
126 127
126 131
126 130
126 160
126 133
126 175
126 128
126 154
126 156
126 141
126 158
126 132
126 138
126 139
126 143
126 163
145 160
145 175
145 154
145 156
145 158
145 163
137 160
137 175
137 154
137 156
137 141
137 158
137 138
137 139
137 143
137 163
137 145
148 160
148 175
148 154
148 156
148 158
148 163
136 160
136 175
136 154
136 156
136 141
136 158
136 138
136 139
136 143
136 163
136 145
136 137
136 148
150 160
150 175
150 154
150 156
150 158
150 163
116 119
116 117
116 129
116 127
116 131
116 122
116 130
116 160
116 133
116 175
116 120
116 128
116 154
116 123
116 156
116 141
116 124
116 158
116 132
116 138
116 139
116 143
116 163
116 126
116 145
116 137
116 148
116 136
116 150
140 160
140 175
140 154
140 156
140 141
140 158
140 143
140 163
140 145
140 148
140 150
135 160
135 175
135 154
135 156
135 141
135 158
135 138
135 139
135 143
135 163
135 145
135 137
135 148
135 136
135 150
135 140
121 129
121 127
121 131
121 122
121 130
121 160
121 133
121 175
121 128
121 154
121 123
121 156
121 141
121 124
121 158
121 132
121 138
121 139
121 143
121 163
121 126
121 145
121 137
121 148
121 136
121 150
121 140
121 135
144 160
144 175
144 154
144 156
144 158
144 163
144 145
144 148
144 150
170 175
112 114
112 119
112 117
112 115
112 129
112 127
112 131
112 122
112 130
112 113
112 160
112 133
112 175
112 120
112 128
112 154
112 123
112 156
112 141
112 124
112 158
112 132
112 138
112 139
112 143
112 163
112 126
112 145
112 137
112 148
112 136
112 150
112 116
112 140
112 135
112 121
112 144
112 170
134 160
134 175
134 154
134 156
134 141
134 158
134 138
134 139
134 143
134 163
134 145
134 137
134 148
134 136
134 150
134 140
134 135
134 144
134 170
125 129
125 127
125 131
125 130
125 160
125 133
125 175
125 128
125 154
125 156
125 141
125 158
125 132
125 138
125 139
125 143
125 163
125 126
125 145
125 137
125 148
125 136
125 150
125 140
125 135
125 144
125 170
125 134
125 176
162 175
162 163
162 170
162 176
172 175
172 176
179 189
149 160
149 175
149 154
149 156
149 158
149 163
149 150
149 170
149 176
149 162
149 172
149 189
149 179
168 175
168 170
168 176
168 172
168 189
168 179
188 189
166 175
166 170
166 176
166 172
166 189
166 179
166 168
166 188
183 189
183 188
183 194
142 160
142 175
142 154
142 156
142 158
142 143
142 163
142 145
142 148
142 150
142 144
142 170
142 176
142 162
142 172
142 189
142 179
142 149
142 168
142 188
142 166
142 194
142 183
171 175
171 176
171 172
171 189
171 179
171 188
171 194
171 183
118 119
118 129
118 127
118 131
118 122
118 130
118 160
118 133
118 175
118 120
118 128
118 154
118 123
118 156
118 141
118 124
118 158
118 132
118 138
118 139
118 143
118 163
118 126
118 145
118 137
118 148
118 136
118 150
118 140
118 135
118 121
118 144
118 170
118 134
118 176
118 125
118 162
118 172
118 189
118 179
118 149
118 168
118 188
118 166
118 194
118 183
118 142
118 171
146 160
146 175
146 154
146 156
146 158
146 163
146 148
146 150
146 170
146 176
146 162
146 172
146 189
146 179
146 149
146 168
146 188
146 166
146 194
146 183
146 171
167 175
167 170
167 176
167 172
167 189
167 179
167 168
167 188
167 194
167 183
167 171
147 160
147 175
147 154
147 156
147 158
147 163
147 148
147 150
147 170
147 176
147 162
147 172
147 189
147 179
147 149
147 168
147 188
147 166
147 194
147 183
147 171
147 167
155 160
155 175
155 156
155 158
155 163
155 170
155 176
155 162
155 172
155 189
155 179
155 168
155 188
155 166
155 194
155 183
155 171
155 167
155 214
191 194
191 214
206 214
153 160
153 175
153 154
153 156
153 158
153 163
153 170
153 176
153 162
153 172
153 189
153 179
153 168
153 188
153 166
153 194
153 183
153 171
153 167
153 214
153 155
153 191
153 206
161 175
161 163
161 170
161 176
161 162
161 172
161 189
161 179
161 168
161 188
161 166
161 194
161 183
161 171
161 167
161 214
161 191
161 206
177 189
177 179
177 188
177 194
177 183
177 214
177 191
177 206
212 214
178 189
178 179
178 188
178 194
178 183
178 214
178 191
178 206
178 212
157 160
157 175
157 158
157 163
157 170
157 176
157 162
157 172
157 189
157 179
157 168
157 188
157 166
157 194
157 183
157 171
157 167
157 214
157 191
157 206
157 161
157 177
157 212
157 178
164 175
164 170
164 176
164 172
164 189
164 179
164 168
164 188
164 166
164 194
164 183
164 171
164 167
164 214
164 191
164 206
164 177
164 212
164 178
164 227
151 160
151 175
151 154
151 156
151 158
151 163
151 170
151 176
151 162
151 172
151 189
151 179
151 168
151 188
151 166
151 194
151 183
151 171
151 167
151 214
151 155
151 191
151 206
151 153
151 161
151 177
151 212
151 178
151 157
151 227
151 164
192 194
192 214
192 206
192 212
192 227
223 227
174 175
174 176
174 189
174 179
174 188
174 194
174 183
174 214
174 191
174 206
174 177
174 212
174 178
174 227
174 192
174 223
222 227
222 223
190 194
190 214
190 191
190 206
190 212
190 227
190 192
190 223
190 222
190 236
197 214
197 206
197 212
197 227
197 223
197 222
197 236
185 189
185 188
185 194
185 214
185 191
185 206
185 212
185 227
185 192
185 223
185 222
185 236
185 190
185 197
195 214
195 206
195 212
195 227
195 223
195 222
195 236
195 197
199 214
199 206
199 212
199 227
199 223
199 222
199 236
169 175
169 170
169 176
169 172
169 189
169 179
169 188
169 194
169 183
169 171
169 214
169 191
169 206
169 177
169 212
169 178
169 227
169 192
169 223
169 174
169 222
169 236
169 190
169 197
169 185
169 195
169 199
159 160
159 175
159 163
159 170
159 176
159 162
159 172
159 189
159 179
159 168
159 188
159 166
159 194
159 183
159 171
159 167
159 214
159 191
159 206
159 161
159 177
159 212
159 178
159 227
159 164
159 192
159 223
159 174
159 222
159 236
159 190
159 197
159 185
159 195
159 199
159 169
165 175
165 170
165 176
165 172
165 189
165 179
165 168
165 188
165 166
165 194
165 183
165 171
165 167
165 214
165 191
165 206
165 177
165 212
165 178
165 227
165 192
165 223
165 174
165 222
165 236
165 190
165 197
165 185
165 195
165 199
165 169
218 227
218 223
218 222
218 236
187 189
187 188
187 194
187 214
187 191
187 206
187 212
187 227
187 192
187 223
187 222
187 236
187 190
187 197
187 195
187 199
187 218
152 160
152 175
152 154
152 156
152 158
152 163
152 170
152 176
152 162
152 172
152 189
152 179
152 168
152 188
152 166
152 194
152 183
152 171
152 167
152 214
152 155
152 191
152 206
152 153
152 161
152 177
152 212
152 178
152 157
152 227
152 164
152 192
152 223
152 174
152 222
152 236
152 190
152 197
152 185
152 195
152 199
152 169
152 159
152 165
152 218
152 187
182 189
182 188
182 194
182 183
182 214
182 191
182 206
182 212
182 227
182 192
182 223
182 222
182 236
182 190
182 197
182 185
182 195
182 199
182 218
182 187
196 214
196 206
196 212
196 227
196 223
196 222
196 236
196 197
196 199
196 218
221 227
221 223
221 222
221 236
173 175
173 176
173 189
173 179
173 188
173 194
173 183
173 214
173 191
173 206
173 177
173 212
173 178
173 227
173 192
173 223
173 174
173 222
173 236
173 190
173 197
173 185
173 195
173 199
173 218
173 187
173 182
173 196
173 221
202 214
202 206
202 212
202 227
202 223
202 222
202 236
202 218
202 221
233 236
186 189
186 188
186 194
186 214
186 191
186 206
186 212
186 227
186 192
186 223
186 222
186 236
186 190
186 197
186 195
186 199
186 218
186 187
186 196
186 221
186 202
186 233
220 227
220 223
220 222
220 236
220 221
220 233
193 194
193 214
193 206
193 212
193 227
193 223
193 222
193 236
193 197
193 195
193 199
193 218
193 196
193 221
193 202
193 233
193 220
210 214
210 212
210 227
210 223
210 222
210 236
210 218
210 221
210 233
210 220
181 189
181 188
181 194
181 183
181 214
181 191
181 206
181 212
181 227
181 192
181 223
181 222
181 236
181 190
181 197
181 185
181 195
181 199
181 218
181 187
181 182
181 196
181 221
181 202
181 233
181 186
181 220
181 193
181 210
184 189
184 188
184 194
184 214
184 191
184 206
184 212
184 227
184 192
184 223
184 222
184 236
184 190
184 197
184 185
184 195
184 199
184 218
184 187
184 196
184 221
184 202
184 233
184 186
184 220
184 193
184 210
180 189
180 188
180 194
180 183
180 214
180 191
180 206
180 212
180 227
180 192
180 223
180 222
180 236
180 190
180 197
180 185
180 195
180 199
180 218
180 187
180 182
180 196
180 221
180 202
180 233
180 186
180 220
180 193
180 210
180 181
180 184
231 236
231 233
216 227
216 223
216 222
216 236
216 218
216 221
216 233
216 220
216 231
232 236
232 233
217 227
217 223
217 222
217 236
217 218
217 221
217 233
217 220
217 231
217 232
207 214
207 212
207 227
207 223
207 222
207 236
207 218
207 221
207 233
207 220
207 210
207 231
207 216
207 232
207 217
226 227
226 236
226 233
226 231
226 232
213 214
213 227
213 223
213 222
213 236
213 218
213 221
213 233
213 220
213 231
213 216
213 232
213 217
213 226
203 214
203 206
203 212
203 227
203 223
203 222
203 236
203 218
203 221
203 233
203 220
203 210
203 231
203 216
203 232
203 217
203 207
203 226
203 213
203 237
208 214
208 212
208 227
208 223
208 222
208 236
208 218
208 221
208 233
208 220
208 210
208 231
208 216
208 232
208 217
208 226
208 213
208 237
230 236
230 233
230 231
230 232
230 237
201 214
201 206
201 212
201 227
201 223
201 222
201 236
201 218
201 221
201 202
201 233
201 220
201 210
201 231
201 216
201 232
201 217
201 207
201 226
201 213
201 237
201 203
201 208
201 230
201 248
200 214
200 206
200 212
200 227
200 223
200 222
200 236
200 218
200 221
200 202
200 233
200 220
200 210
200 231
200 216
200 232
200 217
200 207
200 226
200 213
200 237
200 203
200 208
200 230
200 248
200 201
205 214
205 206
205 212
205 227
205 223
205 222
205 236
205 218
205 221
205 233
205 220
205 210
205 231
205 216
205 232
205 217
205 207
205 226
205 213
205 237
205 208
205 230
205 248
205 251
234 236
234 237
234 248
234 251
234 255
198 214
198 206
198 212
198 227
198 223
198 222
198 236
198 199
198 218
198 221
198 202
198 233
198 220
198 210
198 231
198 216
198 232
198 217
198 207
198 226
198 213
198 237
198 203
198 208
198 230
198 248
198 201
198 200
198 251
198 205
198 255
198 234
215 227
215 223
215 222
215 236
215 218
215 221
215 233
215 220
215 231
215 216
215 232
215 217
215 226
215 237
215 230
215 248
215 251
215 255
215 234
239 248
239 251
239 255
211 214
211 212
211 227
211 223
211 222
211 236
211 218
211 221
211 233
211 220
211 231
211 216
211 232
211 217
211 226
211 213
211 237
211 230
211 248
211 251
211 255
211 234
211 215
211 239
229 236
229 233
229 231
229 232
229 237
229 230
229 248
229 251
229 255
229 234
229 239
240 248
240 251
240 255
235 236
235 237
235 248
235 251
235 255
235 239
235 240
238 248
238 251
238 255
238 239
238 240
247 248
247 251
247 255
258 279
273 279
256 279
256 258
256 273
204 214
204 206
204 212
204 227
204 223
204 222
204 236
204 218
204 221
204 233
204 220
204 210
204 231
204 216
204 232
204 217
204 207
204 226
204 213
204 237
204 208
204 230
204 248
204 251
204 205
204 255
204 234
204 215
204 239
204 211
204 229
204 240
204 235
204 238
204 247
204 279
204 258
204 273
204 256
219 227
219 223
219 222
219 236
219 221
219 233
219 220
219 231
219 232
219 226
219 237
219 230
219 248
219 251
219 255
219 234
219 239
219 229
219 240
219 235
219 238
219 247
219 279
219 258
219 273
219 256
278 279
242 248
242 251
242 255
242 247
242 279
242 258
242 273
242 256
242 278
242 305
224 227
224 236
224 233
224 231
224 232
224 226
224 237
224 230
224 248
224 251
224 255
224 234
224 239
224 229
224 240
224 235
224 238
224 247
224 279
224 258
224 273
224 256
224 278
224 305
224 242
209 214
209 212
209 227
209 223
209 222
209 236
209 218
209 221
209 233
209 220
209 210
209 231
209 216
209 232
209 217
209 226
209 213
209 237
209 230
209 248
209 251
209 255
209 234
209 215
209 239
209 211
209 229
209 240
209 235
209 238
209 247
209 279
209 258
209 273
209 256
209 219
209 278
209 305
209 242
209 224
286 305
261 279
261 273
261 278
261 305
261 286
249 251
249 255
249 279
249 258
249 273
249 256
249 278
249 305
249 286
249 261
257 279
257 258
257 273
257 278
257 305
257 286
257 261
253 255
253 279
253 258
253 273
253 256
253 278
253 305
253 286
253 261
253 257
295 305
269 279
269 273
269 278
269 305
269 286
269 295
241 248
241 251
241 255
241 247
241 279
241 258
241 273
241 256
241 278
241 305
241 242
241 286
241 261
241 249
241 257
241 253
241 295
241 269
250 251
250 255
250 279
250 258
250 273
250 256
250 278
250 305
250 286
250 261
250 257
250 253
250 295
250 269
228 236
228 233
228 231
228 232
228 237
228 230
228 248
228 251
228 255
228 234
228 239
228 229
228 240
228 235
228 238
228 247
228 279
228 258
228 273
228 256
228 278
228 305
228 242
228 286
228 261
228 249
228 257
228 253
228 295
228 269
228 241
228 250
266 279
266 273
266 278
266 305
266 286
266 295
266 269
277 279
277 278
277 305
277 286
277 295
244 248
244 251
244 255
244 247
244 279
244 258
244 273
244 256
244 278
244 305
244 286
244 261
244 249
244 257
244 253
244 295
244 269
244 250
244 266
244 277
254 255
254 279
254 258
254 273
254 256
254 278
254 305
254 286
254 261
254 257
254 295
254 269
254 266
254 277
246 248
246 251
246 255
246 247
246 279
246 258
246 273
246 256
246 278
246 305
246 286
246 261
246 249
246 257
246 253
246 295
246 269
246 250
246 266
246 277
246 254
252 255
252 279
252 258
252 273
252 256
252 278
252 305
252 286
252 261
252 257
252 253
252 295
252 269
252 266
252 277
252 254
274 279
274 278
274 305
274 286
274 295
274 277
291 305
291 295
283 305
283 286
283 295
283 291
288 305
288 295
288 291
265 279
265 273
265 278
265 305
265 286
265 295
265 269
265 266
265 277
265 274
265 291
265 283
265 288
271 279
271 273
271 278
271 305
271 286
271 295
271 277
271 274
271 291
271 283
271 288
264 279
264 273
264 278
264 305
264 286
264 295
264 269
264 266
264 277
264 274
264 291
264 283
264 288
264 265
264 271
281 305
281 286
281 295
281 291
281 283
281 288
280 305
280 286
280 295
280 291
280 283
280 288
280 281
245 248
245 251
245 255
245 247
245 279
245 258
245 273
245 256
245 278
245 305
245 286
245 261
245 249
245 257
245 253
245 295
245 269
245 250
245 266
245 277
245 254
245 246
245 252
245 274
245 291
245 283
245 288
245 265
245 271
245 264
245 281
245 280
262 279
262 273
262 278
262 305
262 286
262 295
262 269
262 266
262 277
262 274
262 291
262 283
262 288
262 265
262 271
262 264
262 281
262 280
225 227
225 236
225 233
225 231
225 232
225 226
225 237
225 230
225 248
225 251
225 255
225 234
225 239
225 229
225 240
225 235
225 238
225 247
225 279
225 258
225 273
225 256
225 278
225 305
225 242
225 286
225 261
225 249
225 257
225 253
225 295
225 269
225 241
225 250
225 228
225 266
225 277
225 244
225 254
225 246
225 252
225 274
225 291
225 283
225 288
225 265
225 271
225 264
225 281
225 280
225 245
225 262
285 305
285 286
285 295
285 291
285 288
243 248
243 251
243 255
243 247
243 279
243 258
243 273
243 256
243 278
243 305
243 286
243 261
243 249
243 257
243 253
243 295
243 269
243 250
243 266
243 277
243 244
243 254
243 246
243 252
243 274
243 291
243 283
243 288
243 265
243 271
243 264
243 281
243 280
243 245
243 262
243 285
276 279
276 278
276 305
276 286
276 295
276 277
276 291
276 283
276 288
276 281
276 280
276 285
284 305
284 286
284 295
284 291
284 288
284 285
290 305
290 295
290 291
320 328
275 279
275 278
275 305
275 286
275 295
275 277
275 291
275 283
275 288
275 281
275 280
275 285
275 276
275 284
275 290
275 328
275 320
311 328
311 320
294 305
294 295
294 328
294 320
294 311
263 279
263 273
263 278
263 305
263 286
263 295
263 269
263 266
263 277
263 274
263 291
263 283
263 288
263 265
263 271
263 264
263 281
263 280
263 285
263 276
263 284
263 290
263 328
263 320
263 275
263 311
263 294
308 328
308 320
308 311
287 305
287 295
287 291
287 288
287 290
287 328
287 320
287 311
287 294
287 308
267 279
267 273
267 278
267 305
267 286
267 295
267 269
267 277
267 274
267 291
267 283
267 288
267 271
267 281
267 280
267 285
267 276
267 284
267 290
267 328
267 320
267 275
267 311
267 294
267 308
267 287
270 279
270 273
270 278
270 305
270 286
270 295
270 277
270 274
270 291
270 283
270 288
270 271
270 281
270 280
270 285
270 276
270 284
270 290
270 328
270 320
270 275
270 311
270 294
270 308
270 287
260 279
260 273
260 278
260 305
260 286
260 261
260 295
260 269
260 266
260 277
260 274
260 291
260 283
260 288
260 265
260 271
260 264
260 281
260 280
260 262
260 285
260 276
260 284
260 290
260 328
260 320
260 275
260 311
260 294
260 263
260 308
260 287
260 267
260 270
296 305
296 328
296 320
296 311
296 308
326 328
300 305
300 328
300 320
300 311
300 308
300 326
259 279
259 273
259 278
259 305
259 286
259 261
259 295
259 269
259 266
259 277
259 274
259 291
259 283
259 288
259 265
259 271
259 264
259 281
259 280
259 262
259 285
259 276
259 284
259 290
259 328
259 320
259 275
259 311
259 294
259 263
259 308
259 287
259 267
259 270
259 260
259 296
259 326
259 300
292 305
292 295
292 328
292 320
292 311
292 294
292 308
292 296
292 326
292 300
299 305
299 328
299 320
299 311
299 308
299 326
299 300
318 328
318 320
318 326
323 328
323 326
272 279
272 273
272 278
272 305
272 286
272 295
272 277
272 274
272 291
272 283
272 288
272 281
272 280
272 285
272 276
272 284
272 290
272 328
272 320
272 275
272 311
272 294
272 308
272 287
272 296
272 326
272 300
272 292
272 299
272 318
272 323
282 305
282 286
282 295
282 291
282 283
282 288
282 285
282 284
282 290
282 328
282 320
282 311
282 294
282 308
282 287
282 296
282 326
282 300
282 292
282 299
282 318
282 323
282 343
268 279
268 273
268 278
268 305
268 286
268 295
268 269
268 277
268 274
268 291
268 283
268 288
268 271
268 281
268 280
268 285
268 276
268 284
268 290
268 328
268 320
268 275
268 311
268 294
268 308
268 287
268 270
268 296
268 326
268 300
268 292
268 299
268 318
268 323
268 272
268 343
268 282
303 305
303 328
303 320
303 311
303 308
303 326
303 318
303 323
303 343
315 328
315 320
315 326
315 318
315 323
315 343
309 328
309 320
309 311
309 326
309 318
309 323
309 343
309 315
306 328
306 320
306 311
306 308
306 326
306 318
306 323
306 343
306 315
306 309
297 305
297 328
297 320
297 311
297 308
297 326
297 300
297 299
297 318
297 323
297 343
297 303
297 315
297 309
297 306
304 305
304 328
304 320
304 311
304 308
304 326
304 318
304 323
304 343
304 315
304 309
304 306
289 305
289 295
289 291
289 290
289 328
289 320
289 311
289 294
289 308
289 296
289 326
289 300
289 292
289 299
289 318
289 323
289 343
289 303
289 315
289 309
289 306
289 297
289 304
293 305
293 295
293 328
293 320
293 311
293 294
293 308
293 296
293 326
293 300
293 299
293 318
293 323
293 343
293 303
293 315
293 309
293 306
293 297
293 304
341 343
298 305
298 328
298 320
298 311
298 308
298 326
298 300
298 299
298 318
298 323
298 343
298 303
298 315
298 309
298 306
298 304
298 341
317 328
317 320
317 326
317 318
317 323
317 343
317 341
321 328
321 326
321 323
321 343
321 341
319 328
319 320
319 326
319 323
319 343
319 341
319 321
307 328
307 320
307 311
307 308
307 326
307 318
307 323
307 343
307 315
307 309
307 341
307 317
307 321
307 319
334 343
334 341
302 305
302 328
302 320
302 311
302 308
302 326
302 318
302 323
302 343
302 303
302 315
302 309
302 306
302 304
302 341
302 317
302 321
302 319
302 307
302 334
301 305
301 328
301 320
301 311
301 308
301 326
301 318
301 323
301 343
301 303
301 315
301 309
301 306
301 304
301 341
301 317
301 321
301 319
301 307
301 334
301 302
301 365
301 378
316 328
316 320
316 326
316 318
316 323
316 343
316 341
316 317
316 321
316 319
316 334
316 365
316 378
313 328
313 320
313 326
313 318
313 323
313 343
313 315
313 341
313 317
313 321
313 319
313 334
313 365
313 378
313 316
362 365
362 378
347 365
347 378
347 362
350 365
350 378
350 362
340 343
340 341
340 365
340 378
340 362
340 347
340 350
348 365
348 378
348 362
348 350
344 365
344 378
344 362
344 347
344 350
344 348
358 365
358 378
358 362
312 328
312 320
312 326
312 318
312 323
312 343
312 315
312 341
312 317
312 321
312 319
312 334
312 365
312 378
312 316
312 313
312 362
312 347
312 350
312 340
312 348
312 344
312 358
375 378
368 378
368 375
371 378
371 375
339 343
339 341
339 365
339 378
339 362
339 347
339 350
339 340
339 348
339 344
339 358
339 375
339 368
339 371
335 343
335 341
335 365
335 378
335 362
335 347
335 350
335 340
335 348
335 344
335 358
335 375
335 368
335 371
335 339
310 328
310 320
310 311
310 326
310 318
310 323
310 343
310 315
310 341
310 317
310 321
310 319
310 334
310 365
310 378
310 316
310 313
310 362
310 347
310 350
310 340
310 348
310 344
310 358
310 312
310 375
310 368
310 371
310 339
310 335
327 328
327 343
327 341
327 334
327 365
327 378
327 362
327 347
327 350
327 340
327 348
327 344
327 358
327 375
327 368
327 371
327 339
327 335
324 328
324 326
324 343
324 341
324 334
324 365
324 378
324 362
324 347
324 350
324 340
324 348
324 344
324 358
324 375
324 368
324 371
324 339
324 335
324 327
329 343
329 341
329 334
329 365
329 378
329 362
329 347
329 350
329 340
329 348
329 344
329 358
329 375
329 368
329 371
329 339
329 335
330 343
330 341
330 334
330 365
330 378
330 362
330 347
330 350
330 340
330 348
330 344
330 358
330 375
330 368
330 371
330 339
330 335
322 328
322 326
322 323
322 343
322 341
322 334
322 365
322 378
322 362
322 347
322 350
322 340
322 348
322 344
322 358
322 375
322 368
322 371
322 339
322 335
322 327
322 324
322 329
322 330
345 365
345 378
345 362
345 347
345 350
345 348
345 358
345 375
345 368
345 371
314 328
314 320
314 326
314 318
314 323
314 343
314 315
314 341
314 317
314 321
314 319
314 334
314 365
314 378
314 316
314 362
314 347
314 350
314 340
314 348
314 344
314 358
314 375
314 368
314 371
314 339
314 335
314 327
314 324
314 329
314 330
314 322
314 345
331 343
331 341
331 334
331 365
331 378
331 362
331 347
331 350
331 340
331 348
331 344
331 358
331 375
331 368
331 371
331 339
331 335
331 345
325 328
325 326
325 343
325 341
325 334
325 365
325 378
325 362
325 347
325 350
325 340
325 348
325 344
325 358
325 375
325 368
325 371
325 339
325 335
325 327
325 329
325 330
325 345
325 331
346 365
346 378
346 362
346 347
346 350
346 348
346 358
346 375
346 368
346 371
352 365
352 378
352 362
352 358
352 375
352 368
352 371
369 378
369 375
369 371
374 378
374 375
376 378
355 365
355 378
355 362
355 358
355 375
355 368
355 371
355 369
355 374
355 376
333 343
333 341
333 334
333 365
333 378
333 362
333 347
333 350
333 340
333 348
333 344
333 358
333 375
333 368
333 371
333 339
333 335
333 345
333 346
333 352
333 369
333 374
333 376
333 355
333 393
336 343
336 341
336 365
336 378
336 362
336 347
336 350
336 340
336 348
336 344
336 358
336 375
336 368
336 371
336 339
336 345
336 346
336 352
336 369
336 374
336 376
336 355
336 393
361 365
361 378
361 362
361 375
361 368
361 371
361 369
361 374
361 376
361 393
385 393
338 343
338 341
338 365
338 378
338 362
338 347
338 350
338 340
338 348
338 344
338 358
338 375
338 368
338 371
338 339
338 345
338 346
338 352
338 369
338 374
338 376
338 355
338 393
338 361
338 385
381 393
381 385
337 343
337 341
337 365
337 378
337 362
337 347
337 350
337 340
337 348
337 344
337 358
337 375
337 368
337 371
337 339
337 345
337 346
337 352
337 369
337 374
337 376
337 355
337 393
337 361
337 385
337 338
337 381
332 343
332 341
332 334
332 365
332 378
332 362
332 347
332 350
332 340
332 348
332 344
332 358
332 375
332 368
332 371
332 339
332 335
332 345
332 346
332 352
332 369
332 374
332 376
332 355
332 393
332 333
332 336
332 361
332 385
332 338
332 381
332 337
360 365
360 378
360 362
360 375
360 368
360 371
360 369
360 374
360 376
360 393
360 361
360 385
360 381
342 343
342 365
342 378
342 362
342 347
342 350
342 348
342 344
342 358
342 375
342 368
342 371
342 345
342 346
342 352
342 369
342 374
342 376
342 355
342 393
342 361
342 385
342 381
342 360
354 365
354 378
354 362
354 358
354 375
354 368
354 371
354 369
354 374
354 376
354 355
354 393
354 361
354 385
354 381
354 360
349 365
349 378
349 362
349 350
349 358
349 375
349 368
349 371
349 352
349 369
349 374
349 376
349 355
349 393
349 361
349 385
349 381
349 360
349 354
366 378
366 375
366 368
366 371
366 369
366 374
366 376
366 393
366 385
366 381
391 393
356 365
356 378
356 362
356 358
356 375
356 368
356 371
356 369
356 374
356 376
356 393
356 361
356 385
356 381
356 360
356 366
356 391
402 423
379 393
379 385
379 381
379 391
379 401
379 423
379 402
351 365
351 378
351 362
351 358
351 375
351 368
351 371
351 352
351 369
351 374
351 376
351 355
351 393
351 361
351 385
351 381
351 360
351 354
351 366
351 391
351 356
351 401
351 423
351 402
351 379
384 393
384 385
384 391
384 401
384 423
384 402
384 434
407 423
407 434
364 365
364 378
364 375
364 368
364 371
364 369
364 374
364 376
364 393
364 385
364 381
364 366
364 391
364 401
364 423
364 402
364 379
364 434
364 384
364 407
367 378
367 375
367 368
367 371
367 369
367 374
367 376
367 393
367 385
367 381
367 391
367 401
367 423
367 402
367 379
367 434
367 384
367 407
404 423
404 434
404 407
386 393
386 391
386 401
386 423
386 402
386 434
386 407
386 404
357 365
357 378
357 362
357 358
357 375
357 368
357 371
357 369
357 374
357 376
357 393
357 361
357 385
357 381
357 360
357 366
357 391
357 401
357 423
357 402
357 379
357 434
357 384
357 407
357 364
357 367
357 404
357 386
372 378
372 375
372 374
372 376
372 393
372 385
372 381
372 391
372 401
372 423
372 402
372 379
372 434
372 384
372 407
372 404
372 386
415 423
415 434
370 378
370 375
370 371
370 374
370 376
370 393
370 385
370 381
370 391
370 401
370 423
370 402
370 379
370 434
370 384
370 407
370 404
370 386
370 372
370 415
419 423
419 434
395 401
395 423
395 402
395 434
395 407
395 404
395 415
395 419
359 365
359 378
359 362
359 375
359 368
359 371
359 369
359 374
359 376
359 393
359 361
359 385
359 381
359 360
359 366
359 391
359 401
359 423
359 402
359 379
359 434
359 384
359 407
359 364
359 367
359 404
359 386
359 372
359 415
359 370
359 419
359 395
373 378
373 375
373 374
373 376
373 393
373 385
373 381
373 391
373 401
373 423
373 402
373 379
373 434
373 384
373 407
373 404
373 386
373 415
373 419
373 395
394 401
394 423
394 402
394 434
394 407
394 404
394 415
394 419
394 395
398 401
398 423
398 402
398 434
398 407
398 404
398 415
398 419
390 393
390 391
390 401
390 423
390 402
390 434
390 407
390 404
390 415
390 419
390 395
390 394
390 398
397 401
397 423
397 402
397 434
397 407
397 404
397 415
397 419
397 398
429 434
363 365
363 378
363 375
363 368
363 371
363 369
363 374
363 376
363 393
363 385
363 381
363 366
363 391
363 401
363 423
363 402
363 379
363 434
363 384
363 407
363 364
363 367
363 404
363 386
363 372
363 415
363 370
363 419
363 395
363 373
363 394
363 398
363 390
363 397
363 429
405 423
405 434
405 407
405 415
405 419
405 429
380 393
380 385
380 381
380 391
380 401
380 423
380 402
380 434
380 384
380 407
380 404
380 386
380 415
380 419
380 395
380 394
380 398
380 390
380 397
380 429
380 405
380 439
416 423
416 434
416 419
416 429
416 439
353 365
353 378
353 362
353 358
353 375
353 368
353 371
353 369
353 374
353 376
353 355
353 393
353 361
353 385
353 381
353 360
353 354
353 366
353 391
353 356
353 401
353 423
353 402
353 379
353 434
353 384
353 407
353 364
353 367
353 404
353 386
353 357
353 372
353 415
353 370
353 419
353 395
353 359
353 373
353 394
353 398
353 390
353 397
353 429
353 363
353 405
353 439
353 380
353 416
413 423
413 434
413 415
413 419
413 429
413 439
413 416
383 393
383 385
383 391
383 401
383 423
383 402
383 434
383 384
383 407
383 404
383 386
383 415
383 419
383 395
383 394
383 398
383 390
383 397
383 429
383 405
383 439
383 416
383 413
377 378
377 393
377 385
377 381
377 391
377 401
377 423
377 402
377 379
377 434
377 384
377 407
377 404
377 386
377 415
377 419
377 395
377 394
377 398
377 390
377 397
377 429
377 405
377 439
377 380
377 416
377 413
377 383
431 434
431 439
382 393
382 385
382 391
382 401
382 423
382 402
382 434
382 384
382 407
382 404
382 386
382 415
382 419
382 395
382 394
382 398
382 390
382 397
382 429
382 405
382 439
382 416
382 413
382 383
382 431
399 401
399 423
399 402
399 434
399 407
399 404
399 415
399 419
399 429
399 405
399 439
399 416
399 413
399 431
399 454
388 393
388 391
388 401
388 423
388 402
388 434
388 407
388 404
388 415
388 419
388 395
388 394
388 398
388 390
388 397
388 429
388 405
388 439
388 416
388 413
388 431
388 454
388 399
417 423
417 434
417 419
417 429
417 439
417 431
417 454
400 401
400 423
400 402
400 434
400 407
400 404
400 415
400 419
400 429
400 405
400 439
400 416
400 413
400 431
400 454
400 417
392 393
392 401
392 423
392 402
392 434
392 407
392 404
392 415
392 419
392 395
392 394
392 398
392 397
392 429
392 405
392 439
392 416
392 413
392 431
392 454
392 399
392 417
392 400
418 423
418 434
418 419
418 429
418 439
418 431
418 454
418 456
414 423
414 434
414 415
414 419
414 429
414 439
414 416
414 431
414 454
414 417
414 456
414 418
425 434
425 429
425 439
425 431
425 454
425 456
422 423
422 434
422 429
422 439
422 431
422 454
422 456
422 425
406 423
406 434
406 407
406 415
406 419
406 429
406 439
406 416
406 413
406 431
406 454
406 417
406 456
406 418
406 414
406 425
406 422
406 457
408 423
408 434
408 415
408 419
408 429
408 439
408 416
408 413
408 431
408 454
408 417
408 456
408 418
408 414
408 425
408 422
408 457
412 423
412 434
412 415
412 419
412 429
412 439
412 416
412 413
412 431
412 454
412 417
412 456
412 418
412 414
412 425
412 422
412 457
437 439
437 454
437 456
437 457
432 434
432 439
432 454
432 456
432 457
432 437
430 434
430 439
430 431
430 454
430 456
430 457
430 437
430 432
441 454
441 456
441 457
403 423
403 434
403 407
403 404
403 415
403 419
403 429
403 405
403 439
403 416
403 413
403 431
403 454
403 417
403 456
403 418
403 414
403 425
403 422
403 457
403 406
403 408
403 412
403 437
403 432
403 430
403 441
424 434
424 429
424 439
424 431
424 454
424 456
424 425
424 457
424 437
424 432
424 430
424 441
387 393
387 391
387 401
387 423
387 402
387 434
387 407
387 404
387 415
387 419
387 395
387 394
387 398
387 390
387 397
387 429
387 405
387 439
387 416
387 413
387 431
387 454
387 399
387 388
387 417
387 400
387 392
387 456
387 418
387 414
387 425
387 422
387 457
387 406
387 408
387 412
387 437
387 432
387 430
387 441
387 403
387 424
409 423
409 434
409 415
409 419
409 429
409 439
409 416
409 413
409 431
409 454
409 417
409 456
409 418
409 414
409 425
409 422
409 457
409 412
409 437
409 432
409 430
409 441
409 424
389 393
389 391
389 401
389 423
389 402
389 434
389 407
389 404
389 415
389 419
389 395
389 394
389 398
389 390
389 397
389 429
389 405
389 439
389 416
389 413
389 431
389 454
389 399
389 417
389 400
389 392
389 456
389 418
389 414
389 425
389 422
389 457
389 406
389 408
389 412
389 437
389 432
389 430
389 441
389 403
389 424
389 409
389 460
452 454
452 456
452 457
452 460
410 423
410 434
410 415
410 419
410 429
410 439
410 416
410 413
410 431
410 454
410 417
410 456
410 418
410 414
410 425
410 422
410 457
410 412
410 437
410 432
410 430
410 441
410 424
410 460
410 452
449 454
449 456
449 457
449 460
449 452
435 439
435 454
435 456
435 457
435 437
435 441
435 460
435 452
435 449
433 434
433 439
433 454
433 456
433 457
433 437
433 441
433 460
433 452
433 449
433 435
448 454
448 456
448 457
448 460
448 452
448 449
447 454
447 456
447 457
447 460
447 452
447 449
447 448
461 482
438 439
438 454
438 456
438 457
438 441
438 460
438 452
438 449
438 448
438 447
438 482
438 461
450 454
450 456
450 457
450 460
450 452
450 482
450 461
411 423
411 434
411 415
411 419
411 429
411 439
411 416
411 413
411 431
411 454
411 417
411 456
411 418
411 414
411 425
411 422
411 457
411 412
411 437
411 432
411 430
411 441
411 424
411 460
411 452
411 449
411 435
411 433
411 448
411 447
411 482
411 461
411 438
411 450
442 454
442 456
442 457
442 460
442 452
442 449
442 448
442 447
442 482
442 461
442 450
458 460
458 482
458 461
428 434
428 429
428 439
428 431
428 454
428 456
428 457
428 437
428 432
428 430
428 441
428 460
428 452
428 449
428 435
428 433
428 448
428 447
428 482
428 461
428 438
428 450
428 442
428 458
470 482
420 423
420 434
420 429
420 439
420 431
420 454
420 456
420 425
420 422
420 457
420 437
420 432
420 430
420 441
420 424
420 460
420 452
420 449
420 435
420 433
420 448
420 447
420 482
420 461
420 438
420 450
420 442
420 458
420 428
420 470
396 401
396 423
396 402
396 434
396 407
396 404
396 415
396 419
396 398
396 397
396 429
396 405
396 439
396 416
396 413
396 431
396 454
396 399
396 417
396 400
396 456
396 418
396 414
396 425
396 422
396 457
396 406
396 408
396 412
396 437
396 432
396 430
396 441
396 403
396 424
396 409
396 460
396 452
396 410
396 449
396 435
396 433
396 448
396 447
396 482
396 461
396 438
396 450
396 411
396 442
396 458
396 428
396 470
396 420
396 493
451 454
451 456
451 457
451 460
451 452
451 482
451 461
451 458
451 470
451 493
459 460
459 482
459 461
459 470
459 493
459 512
446 454
446 456
446 457
446 460
446 452
446 449
446 448
446 447
446 482
446 461
446 450
446 458
446 470
446 493
446 451
446 512
446 459
469 482
469 470
469 493
469 512
472 482
472 493
472 512
468 482
468 470
468 493
468 512
468 469
468 472
475 482
475 493
475 512
426 434
426 429
426 439
426 431
426 454
426 456
426 457
426 437
426 432
426 430
426 441
426 460
426 452
426 449
426 435
426 433
426 448
426 447
426 482
426 461
426 438
426 450
426 442
426 458
426 428
426 470
426 493
426 451
426 512
426 459
426 446
426 469
426 472
426 468
426 475
465 482
465 470
465 493
465 512
465 469
465 472
465 468
465 475
436 439
436 454
436 456
436 457
436 437
436 441
436 460
436 452
436 449
436 448
436 447
436 482
436 461
436 438
436 450
436 442
436 458
436 470
436 493
436 451
436 512
436 459
436 446
436 469
436 472
436 468
436 475
436 465
467 482
467 470
467 493
467 512
467 469
467 472
467 468
467 475
463 482
463 470
463 493
463 512
463 469
463 472
463 468
463 475
463 465
463 467
483 493
483 512
444 454
444 456
444 457
444 460
444 452
444 449
444 448
444 447
444 482
444 461
444 450
444 458
444 470
444 493
444 451
444 512
444 459
444 446
444 469
444 472
444 468
444 475
444 465
444 467
444 463
444 483
499 512
479 482
479 493
479 512
479 483
479 499
453 454
453 456
453 457
453 460
453 482
453 461
453 458
453 470
453 493
453 512
453 459
453 469
453 472
453 468
453 475
453 465
453 467
453 463
453 483
453 499
453 479
495 512
495 499
421 423
421 434
421 429
421 439
421 431
421 454
421 456
421 425
421 422
421 457
421 437
421 432
421 430
421 441
421 424
421 460
421 452
421 449
421 435
421 433
421 448
421 447
421 482
421 461
421 438
421 450
421 442
421 458
421 428
421 470
421 493
421 451
421 512
421 459
421 446
421 469
421 472
421 468
421 475
421 426
421 465
421 436
421 467
421 463
421 483
421 444
421 499
421 479
421 453
421 495
427 434
427 429
427 439
427 431
427 454
427 456
427 457
427 437
427 432
427 430
427 441
427 460
427 452
427 449
427 435
427 433
427 448
427 447
427 482
427 461
427 438
427 450
427 442
427 458
427 428
427 470
427 493
427 451
427 512
427 459
427 446
427 469
427 472
427 468
427 475
427 465
427 436
427 467
427 463
427 483
427 444
427 499
427 479
427 453
427 495
485 493
485 512
485 499
485 495
440 454
440 456
440 457
440 441
440 460
440 452
440 449
440 448
440 447
440 482
440 461
440 450
440 442
440 458
440 470
440 493
440 451
440 512
440 459
440 446
440 469
440 472
440 468
440 475
440 465
440 467
440 463
440 483
440 444
440 499
440 479
440 453
440 495
440 485
443 454
443 456
443 457
443 460
443 452
443 449
443 448
443 447
443 482
443 461
443 450
443 458
443 470
443 493
443 451
443 512
443 459
443 446
443 469
443 472
443 468
443 475
443 465
443 467
443 463
443 483
443 444
443 499
443 479
443 453
443 495
443 485
481 482
481 493
481 512
481 483
481 499
481 495
481 485
474 482
474 493
474 512
474 475
474 483
474 499
474 479
474 495
474 485
474 481
471 482
471 493
471 512
471 472
471 475
471 483
471 499
471 479
471 495
471 485
471 481
471 474
480 482
480 493
480 512
480 483
480 499
480 495
480 485
480 481
488 493
488 512
488 499
488 495
445 454
445 456
445 457
445 460
445 452
445 449
445 448
445 447
445 482
445 461
445 450
445 458
445 470
445 493
445 451
445 512
445 459
445 446
445 469
445 472
445 468
445 475
445 465
445 467
445 463
445 483
445 499
445 479
445 453
445 495
445 485
445 481
445 474
445 471
445 480
445 488
473 482
473 493
473 512
473 475
473 483
473 499
473 479
473 495
473 485
473 481
473 474
473 480
473 488
505 512
477 482
477 493
477 512
477 483
477 499
477 479
477 495
477 485
477 481
477 480
477 488
477 505
511 512
486 493
486 512
486 499
486 495
486 488
486 505
486 511
503 512
503 505
503 511
500 512
500 505
500 511
500 503
464 482
464 470
464 493
464 512
464 469
464 472
464 468
464 475
464 465
464 467
464 483
464 499
464 479
464 495
464 485
464 481
464 474
464 471
464 480
464 488
464 473
464 505
464 477
464 511
464 486
464 503
464 500
513 514
501 512
501 505
501 511
501 503
501 514
501 513
492 493
492 512
492 499
492 495
492 505
492 511
492 503
492 500
492 514
492 513
492 501
466 482
466 470
466 493
466 512
466 469
466 472
466 468
466 475
466 467
466 483
466 499
466 479
466 495
466 485
466 481
466 474
466 471
466 480
466 488
466 473
466 505
466 477
466 511
466 486
466 503
466 500
466 514
466 513
466 501
466 492
466 518
455 456
455 457
455 460
455 482
455 461
455 458
455 470
455 493
455 512
455 459
455 469
455 472
455 468
455 475
455 465
455 467
455 463
455 483
455 499
455 479
455 495
455 485
455 481
455 474
455 471
455 480
455 488
455 473
455 505
455 477
455 511
455 486
455 503
455 500
455 464
455 514
455 513
455 501
455 492
455 518
455 466
455 523
497 512
497 499
497 505
497 511
497 503
497 500
497 514
497 513
497 501
497 518
497 523
476 482
476 493
476 512
476 483
476 499
476 479
476 495
476 485
476 481
476 480
476 488
476 505
476 477
476 511
476 486
476 503
476 500
476 514
476 513
476 501
476 492
476 518
476 523
476 497
491 493
491 512
491 499
491 495
491 505
491 511
491 503
491 500
491 514
491 513
491 501
491 492
491 518
491 523
491 497
484 493
484 512
484 499
484 495
484 485
484 488
484 505
484 511
484 486
484 503
484 500
484 514
484 513
484 501
484 492
484 518
484 523
484 497
484 491
507 512
507 511
507 514
507 513
507 518
507 523
462 482
462 470
462 493
462 512
462 469
462 472
462 468
462 475
462 465
462 467
462 463
462 483
462 499
462 479
462 495
462 485
462 481
462 474
462 471
462 480
462 488
462 473
462 505
462 477
462 511
462 486
462 503
462 500
462 464
462 514
462 513
462 501
462 492
462 518
462 466
462 523
462 497
462 476
462 491
462 484
462 507
504 512
504 505
504 511
504 514
504 513
504 518
504 523
504 507
487 493
487 512
487 499
487 495
487 488
487 505
487 511
487 503
487 500
487 514
487 513
487 501
487 492
487 518
487 523
487 497
487 491
487 507
487 504
487 529
525 529
525 546
521 523
521 529
521 546
521 525
520 523
520 529
520 546
520 525
520 521
489 493
489 512
489 499
489 495
489 505
489 511
489 503
489 500
489 514
489 513
489 501
489 492
489 518
489 523
489 497
489 491
489 507
489 504
489 529
489 546
489 525
489 521
489 520
478 482
478 493
478 512
478 483
478 499
478 479
478 495
478 485
478 481
478 480
478 488
478 505
478 511
478 486
478 503
478 500
478 514
478 513
478 501
478 492
478 518
478 523
478 497
478 491
478 484
478 507
478 504
478 529
478 487
478 546
478 525
478 521
478 520
478 489
522 523
522 529
522 546
522 525
540 546
516 518
516 523
516 529
516 546
516 525
516 521
516 520
516 522
516 540
531 546
531 540
531 552
510 512
510 511
510 514
510 513
510 518
510 523
510 529
510 546
510 525
510 521
510 520
510 522
510 540
510 516
510 552
510 531
519 523
519 529
519 546
519 525
519 521
519 520
519 522
519 540
519 552
519 531
496 512
496 499
496 505
496 511
496 503
496 500
496 514
496 513
496 501
496 518
496 523
496 497
496 507
496 504
496 529
496 546
496 525
496 521
496 520
496 522
496 540
496 516
496 552
496 531
496 510
496 519
517 518
517 523
517 529
517 546
517 525
517 521
517 520
517 522
517 540
517 552
517 531
517 519
545 546
545 552
498 512
498 499
498 505
498 511
498 503
498 500
498 514
498 513
498 501
498 518
498 523
498 507
498 504
498 529
498 546
498 525
498 521
498 520
498 522
498 540
498 516
498 552
498 531
498 510
498 519
498 517
498 545
506 512
506 511
506 514
506 513
506 518
506 523
506 507
506 529
506 546
506 525
506 521
506 520
506 522
506 540
506 516
506 552
506 531
506 510
506 519
506 517
506 545
490 493
490 512
490 499
490 495
490 505
490 511
490 503
490 500
490 514
490 513
490 501
490 492
490 518
490 523
490 497
490 491
490 507
490 504
490 529
490 546
490 525
490 521
490 520
490 522
490 540
490 516
490 552
490 531
490 510
490 519
490 496
490 517
490 545
490 498
490 506
533 546
533 540
533 552
533 545
537 546
537 540
537 552
537 545
508 512
508 511
508 514
508 513
508 518
508 523
508 529
508 546
508 525
508 521
508 520
508 522
508 540
508 516
508 552
508 531
508 510
508 519
508 517
508 545
508 533
508 537
502 512
502 505
502 511
502 503
502 514
502 513
502 518
502 523
502 507
502 504
502 529
502 546
502 525
502 521
502 520
502 522
502 540
502 516
502 552
502 531
502 510
502 519
502 517
502 545
502 506
502 533
502 537
502 508
548 552
528 529
528 546
528 540
528 552
528 531
528 545
528 533
528 537
528 548
509 512
509 511
509 514
509 513
509 518
509 523
509 529
509 546
509 525
509 521
509 520
509 522
509 540
509 516
509 552
509 531
509 510
509 519
509 517
509 545
509 533
509 537
509 548
509 528
534 546
534 540
534 552
534 545
534 537
534 548
534 559
515 518
515 523
515 529
515 546
515 525
515 521
515 520
515 522
515 540
515 516
515 552
515 531
515 519
515 517
515 545
515 533
515 537
515 548
515 528
515 559
515 534
541 546
541 552
541 545
541 548
541 559
535 546
535 540
535 552
535 545
535 537
535 548
535 559
535 541
494 512
494 499
494 495
494 505
494 511
494 503
494 500
494 514
494 513
494 501
494 518
494 523
494 497
494 507
494 504
494 529
494 546
494 525
494 521
494 520
494 522
494 540
494 516
494 552
494 531
494 510
494 519
494 496
494 517
494 545
494 498
494 506
494 533
494 537
494 508
494 502
494 548
494 528
494 509
494 559
494 534
494 515
494 541
494 535
494 576
539 546
539 540
539 552
539 545
539 548
539 559
539 541
539 576
532 546
532 540
532 552
532 545
532 533
532 537
532 548
532 559
532 534
532 541
532 535
532 576
532 539
556 559
556 576
538 546
538 540
538 552
538 545
538 548
538 559
538 541
538 576
538 539
538 556
526 529
526 546
526 540
526 552
526 531
526 545
526 533
526 537
526 548
526 528
526 559
526 534
526 541
526 535
526 576
526 539
526 532
526 556
526 538
549 552
549 559
549 576
549 556
549 581
553 559
553 576
553 556
553 581
564 576
564 581
569 576
569 581
567 576
567 581
567 569
571 576
571 581
557 559
557 576
557 581
557 564
557 569
557 567
557 571
530 546
530 540
530 552
530 531
530 545
530 533
530 537
530 548
530 559
530 534
530 541
530 535
530 576
530 539
530 532
530 556
530 538
530 581
530 549
530 553
530 564
530 569
530 567
530 571
530 557
536 546
536 540
536 552
536 545
536 537
536 548
536 559
536 541
536 576
536 539
536 556
536 538
536 581
536 549
536 553
536 564
536 569
536 567
536 571
536 557
575 576
575 581
527 529
527 546
527 540
527 552
527 531
527 545
527 533
527 537
527 548
527 528
527 559
527 534
527 541
527 535
527 576
527 539
527 532
527 556
527 538
527 581
527 549
527 553
527 564
527 569
527 567
527 571
527 557
527 530
527 536
527 575
543 546
543 552
543 545
543 548
543 559
543 576
543 556
543 581
543 549
543 553
543 564
543 569
543 567
543 571
543 557
543 575
561 576
561 581
561 564
561 569
561 567
561 571
561 575
542 546
542 552
542 545
542 548
542 559
542 576
542 556
542 581
542 549
542 553
542 564
542 569
542 567
542 571
542 557
542 575
542 543
542 561
551 552
551 559
551 576
551 556
551 581
551 553
551 564
551 569
551 567
551 571
551 557
551 575
551 561
558 559
558 576
558 581
558 564
558 569
558 567
558 571
558 575
558 561
544 546
544 552
544 545
544 548
544 559
544 576
544 556
544 581
544 549
544 553
544 564
544 569
544 567
544 571
544 557
544 575
544 561
544 551
544 558
555 559
555 576
555 556
555 581
555 564
555 569
555 567
555 571
555 557
555 575
555 561
555 558
560 576
560 581
560 564
560 569
560 567
560 571
560 575
560 561
563 576
563 581
563 564
563 569
563 567
563 571
563 575
563 587
573 576
573 581
573 575
573 587
572 576
572 581
572 575
572 587
572 573
572 593
550 552
550 559
550 576
550 556
550 581
550 553
550 564
550 569
550 567
550 571
550 557
550 575
550 561
550 551
550 558
550 555
550 560
550 587
550 563
550 573
550 593
550 572
582 587
582 593
582 604
589 593
589 604
547 552
547 548
547 559
547 576
547 556
547 581
547 549
547 553
547 564
547 569
547 567
547 571
547 557
547 575
547 561
547 551
547 558
547 555
547 560
547 587
547 563
547 573
547 593
547 572
547 550
547 604
547 582
547 589
547 609
562 576
562 581
562 564
562 569
562 567
562 571
562 575
562 587
562 563
562 573
562 593
562 572
562 604
562 582
562 589
562 609
579 581
579 587
579 593
579 604
579 582
579 589
579 609
599 604
599 609
586 587
586 593
586 604
586 589
586 609
586 599
524 529
524 546
524 525
524 540
524 552
524 531
524 545
524 533
524 537
524 548
524 528
524 559
524 534
524 541
524 535
524 576
524 539
524 532
524 556
524 538
524 526
524 581
524 549
524 553
524 564
524 569
524 567
524 571
524 557
524 530
524 536
524 575
524 527
524 543
524 561
524 542
524 551
524 558
524 544
524 555
524 560
524 587
524 563
524 573
524 593
524 572
524 550
524 604
524 582
524 589
524 609
524 547
524 562
524 579
524 599
524 586
554 559
554 576
554 556
554 581
554 564
554 569
554 567
554 571
554 557
554 575
554 561
554 558
554 555
554 560
554 587
554 563
554 573
554 593
554 572
554 604
554 582
554 589
554 609
554 562
554 579
554 599
554 586
585 587
585 593
585 604
585 589
585 609
585 599
585 586
584 587
584 593
584 604
584 589
584 609
584 599
584 586
584 585
590 593
590 604
590 609
590 599
608 609
594 604
594 609
594 599
594 608
594 614
605 609
605 608
605 614
597 604
597 609
597 599
597 608
597 614
597 605
606 609
606 608
606 614
565 576
565 581
565 569
565 567
565 571
565 575
565 587
565 573
565 593
565 572
565 604
565 582
565 589
565 609
565 579
565 599
565 586
565 585
565 584
565 590
565 608
565 614
565 594
565 605
565 597
565 606
595 604
595 609
595 599
595 608
595 614
595 605
595 597
595 606
595 627
592 593
592 604
592 609
592 599
592 608
592 614
592 594
592 605
592 597
592 606
592 627
592 595
570 576
570 581
570 571
570 575
570 587
570 573
570 593
570 572
570 604
570 582
570 589
570 609
570 579
570 599
570 586
570 585
570 584
570 590
570 608
570 614
570 594
570 605
570 597
570 606
570 627
570 595
570 592
602 604
602 609
602 608
602 614
602 605
602 606
602 627
583 587
583 593
583 604
583 589
583 609
583 599
583 586
583 585
583 584
583 590
583 608
583 614
583 594
583 605
583 597
583 606
583 627
583 595
583 592
583 602
623 627
588 593
588 604
588 589
588 609
588 599
588 590
588 608
588 614
588 594
588 605
588 597
588 606
588 627
588 595
588 592
588 602
588 623
580 581
580 587
580 593
580 604
580 582
580 589
580 609
580 599
580 586
580 585
580 584
580 590
580 608
580 614
580 594
580 605
580 597
580 606
580 627
580 595
580 592
580 602
580 583
580 623
580 588
613 614
613 627
613 623
600 604
600 609
600 608
600 614
600 605
600 606
600 627
600 602
600 623
600 613
591 593
591 604
591 609
591 599
591 608
591 614
591 594
591 605
591 597
591 606
591 627
591 595
591 592
591 602
591 623
591 613
591 600
603 604
603 609
603 608
603 614
603 605
603 606
603 627
603 623
603 613
566 576
566 581
566 569
566 567
566 571
566 575
566 587
566 573
566 593
566 572
566 604
566 582
566 589
566 609
566 579
566 599
566 586
566 585
566 584
566 590
566 608
566 614
566 594
566 605
566 597
566 606
566 627
566 595
566 592
566 570
566 602
566 583
566 623
566 588
566 580
566 613
566 600
566 591
566 603
625 627
574 576
574 581
574 575
574 587
574 593
574 604
574 582
574 589
574 609
574 579
574 599
574 586
574 585
574 584
574 590
574 608
574 614
574 594
574 605
574 597
574 606
574 627
574 595
574 592
574 602
574 583
574 623
574 588
574 580
574 613
574 600
574 591
574 603
574 625
598 604
598 609
598 599
598 608
598 614
598 605
598 606
598 627
598 602
598 623
598 613
598 600
598 603
598 625
598 631
598 659
577 581
577 587
577 593
577 604
577 582
577 589
577 609
577 579
577 599
577 586
577 585
577 584
577 590
577 608
577 614
577 594
577 605
577 597
577 606
577 627
577 595
577 592
577 602
577 583
577 623
577 588
577 580
577 613
577 600
577 591
577 603
577 625
577 631
577 659
577 598
626 627
626 631
626 659
578 581
578 587
578 593
578 604
578 582
578 589
578 609
578 579
578 599
578 586
578 585
578 584
578 590
578 608
578 614
578 594
578 605
578 597
578 606
578 627
578 595
578 592
578 602
578 583
578 623
578 588
578 580
578 613
578 600
578 591
578 603
578 625
578 631
578 659
578 598
578 626
628 631
628 659
622 627
622 623
622 625
622 631
622 659
622 626
622 628
611 614
611 627
611 623
611 613
611 625
611 631
611 659
611 626
611 628
611 622
658 659
638 659
638 658
624 627
624 625
624 631
624 659
624 626
624 628
624 658
624 638
601 604
601 609
601 608
601 614
601 605
601 606
601 627
601 602
601 623
601 613
601 603
601 625
601 631
601 659
601 626
601 628
601 622
601 611
601 658
601 638
601 624
630 631
630 659
630 658
630 638
619 627
619 623
619 625
619 631
619 659
619 626
619 628
619 622
619 658
619 638
619 624
619 630
629 631
629 659
629 658
629 638
629 630
616 627
616 623
616 625
616 631
616 659
616 626
616 628
616 622
616 658
616 638
616 624
616 630
616 619
616 629
642 659
642 658
612 614
612 627
612 623
612 613
612 625
612 631
612 659
612 626
612 628
612 622
612 658
612 638
612 624
612 630
612 619
612 629
612 616
612 642
568 576
568 581
568 569
568 571
568 575
568 587
568 573
568 593
568 572
568 604
568 582
568 589
568 609
568 579
568 599
568 586
568 585
568 584
568 590
568 608
568 614
568 594
568 605
568 597
568 606
568 627
568 595
568 592
568 570
568 602
568 583
568 623
568 588
568 580
568 613
568 600
568 591
568 603
568 625
568 574
568 631
568 659
568 598
568 577
568 626
568 578
568 628
568 622
568 611
568 658
568 638
568 624
568 601
568 630
568 619
568 629
568 616
568 642
568 612
617 627
617 623
617 625
617 631
617 659
617 626
617 628
617 622
617 658
617 638
617 624
617 630
617 619
617 629
617 642
643 659
643 658
647 659
647 658
639 659
639 658
639 642
639 643
639 647
634 659
634 658
634 638
634 642
634 643
634 647
634 639
632 659
632 658
632 638
632 642
632 643
632 647
632 639
632 634
633 659
633 658
633 638
633 642
633 643
633 647
633 639
633 634
633 660
633 736
635 659
635 658
635 638
635 642
635 643
635 647
635 639
635 660
635 736
645 659
645 658
645 647
645 660
645 736
596 604
596 609
596 599
596 608
596 614
596 605
596 597
596 606
596 627
596 602
596 623
596 613
596 600
596 603
596 625
596 631
596 659
596 598
596 626
596 628
596 622
596 611
596 658
596 638
596 624
596 601
596 630
596 619
596 629
596 616
596 642
596 612
596 617
596 643
596 647
596 639
596 634
596 632
596 660
596 736
596 633
596 635
596 645
607 609
607 608
607 614
607 627
607 623
607 613
607 625
607 631
607 659
607 626
607 628
607 622
607 611
607 658
607 638
607 624
607 630
607 619
607 629
607 616
607 642
607 612
607 617
607 643
607 647
607 639
607 634
607 632
607 660
607 736
607 633
607 635
607 645
620 627
620 623
620 625
620 631
620 659
620 626
620 628
620 622
620 658
620 638
620 624
620 630
620 629
620 642
620 643
620 647
620 639
620 634
620 632
620 660
620 736
620 633
620 635
620 645
637 659
637 658
637 638
637 642
637 643
637 647
637 639
637 660
637 736
637 645
661 736
615 627
615 623
615 625
615 631
615 659
615 626
615 628
615 622
615 658
615 638
615 624
615 630
615 619
615 629
615 616
615 642
615 617
615 643
615 647
615 639
615 634
615 632
615 660
615 736
615 633
615 635
615 645
615 620
615 637
615 661
649 659
649 658
649 660
649 736
649 661
677 736
610 614
610 627
610 623
610 613
610 625
610 631
610 659
610 626
610 628
610 622
610 611
610 658
610 638
610 624
610 630
610 619
610 629
610 616
610 642
610 612
610 617
610 643
610 647
610 639
610 634
610 632
610 660
610 736
610 633
610 635
610 645
610 620
610 637
610 661
610 615
610 649
610 677
692 736
656 659
656 658
656 660
656 736
656 661
656 677
656 692
621 627
621 623
621 625
621 631
621 659
621 626
621 628
621 622
621 658
621 638
621 624
621 630
621 629
621 642
621 643
621 647
621 639
621 634
621 632
621 660
621 736
621 633
621 635
621 645
621 637
621 661
621 649
621 677
621 692
621 656
675 736
675 677
675 692
648 659
648 658
648 660
648 736
648 661
648 649
648 677
648 692
648 656
648 675
653 659
653 658
653 660
653 736
653 661
653 677
653 692
653 656
653 675
665 736
665 677
665 692
665 675
654 659
654 658
654 660
654 736
654 661
654 677
654 692
654 656
654 675
654 665
636 659
636 658
636 638
636 642
636 643
636 647
636 639
636 660
636 736
636 645
636 637
636 661
636 649
636 677
636 692
636 656
636 675
636 648
636 653
636 665
636 654
679 736
679 692
644 659
644 658
644 647
644 660
644 736
644 645
644 661
644 649
644 677
644 692
644 656
644 675
644 648
644 653
644 665
644 654
644 679
699 736
651 659
651 658
651 660
651 736
651 661
651 677
651 692
651 656
651 675
651 653
651 665
651 654
651 679
651 699
646 659
646 658
646 647
646 660
646 736
646 661
646 649
646 677
646 692
646 656
646 675
646 648
646 653
646 665
646 654
646 679
646 699
646 651
688 736
688 692
688 699
618 627
618 623
618 625
618 631
618 659
618 626
618 628
618 622
618 658
618 638
618 624
618 630
618 619
618 629
618 642
618 643
618 647
618 639
618 634
618 632
618 660
618 736
618 633
618 635
618 645
618 620
618 637
618 661
618 649
618 677
618 692
618 656
618 621
618 675
618 648
618 653
618 665
618 654
618 636
618 679
618 644
618 699
618 651
618 646
618 688
670 736
670 677
670 692
670 675
670 679
670 699
670 688
689 736
689 692
689 699
691 736
691 692
691 699
666 736
666 677
666 692
666 675
666 679
666 699
666 688
666 670
666 689
666 691
663 736
663 677
663 692
663 675
663 665
663 679
663 699
663 688
663 670
663 689
663 691
663 666
652 659
652 658
652 660
652 736
652 661
652 677
652 692
652 656
652 675
652 653
652 665
652 654
652 679
652 699
652 688
652 670
652 689
652 691
652 666
652 663
671 736
671 677
671 692
671 675
671 679
671 699
671 688
671 689
671 691
664 736
664 677
664 692
664 675
664 665
664 679
664 699
664 688
664 670
664 689
664 691
664 666
664 671
712 736
640 659
640 658
640 642
640 643
640 647
640 660
640 736
640 645
640 661
640 649
640 677
640 692
640 656
640 675
640 648
640 653
640 665
640 654
640 679
640 644
640 699
640 651
640 646
640 688
640 670
640 689
640 691
640 666
640 663
640 652
640 671
640 664
640 712
650 659
650 658
650 660
650 736
650 661
650 677
650 692
650 656
650 675
650 653
650 665
650 654
650 679
650 699
650 651
650 688
650 670
650 689
650 691
650 666
650 663
650 652
650 671
650 664
650 712
698 736
698 699
698 712
716 736
667 736
667 677
667 692
667 675
667 679
667 699
667 688
667 670
667 689
667 691
667 671
667 712
667 698
667 716
685 736
685 692
685 699
685 688
685 689
685 691
685 712
685 698
685 716
701 736
701 712
701 716
718 736
657 659
657 658
657 660
657 736
657 661
657 677
657 692
657 675
657 665
657 679
657 699
657 688
657 670
657 689
657 691
657 666
657 663
657 671
657 664
657 712
657 698
657 716
657 667
657 685
657 701
657 718
702 736
702 712
702 716
702 718
697 736
697 699
697 712
697 698
697 716
697 701
697 718
697 702
687 736
687 692
687 699
687 688
687 689
687 691
687 712
687 698
687 716
687 701
687 718
687 702
687 697
662 736
662 677
662 692
662 675
662 665
662 679
662 699
662 688
662 670
662 689
662 691
662 666
662 663
662 671
662 664
662 712
662 698
662 716
662 667
662 685
662 701
662 718
662 702
662 697
662 687
695 736
695 699
695 712
695 698
695 716
695 701
695 718
695 702
695 697
674 736
674 677
674 692
674 675
674 679
674 699
674 688
674 689
674 691
674 712
674 698
674 716
674 685
674 701
674 718
674 702
674 697
674 687
674 695
655 659
655 658
655 660
655 736
655 661
655 677
655 692
655 656
655 675
655 665
655 679
655 699
655 688
655 670
655 689
655 691
655 666
655 663
655 671
655 664
655 712
655 698
655 716
655 667
655 685
655 701
655 718
655 657
655 702
655 697
655 687
655 662
655 695
655 674
682 736
682 692
682 699
682 688
682 689
682 691
682 712
682 698
682 716
682 685
682 701
682 718
682 702
682 697
682 687
682 695
715 736
715 716
715 718
672 736
672 677
672 692
672 675
672 679
672 699
672 688
672 689
672 691
672 712
672 698
672 716
672 685
672 701
672 718
672 702
672 697
672 687
672 695
672 674
672 682
672 715
686 736
686 692
686 699
686 688
686 689
686 691
686 712
686 698
686 716
686 701
686 718
686 702
686 697
686 687
686 695
686 715
726 736
709 736
709 712
709 716
709 718
709 715
709 726
681 736
681 692
681 699
681 688
681 689
681 691
681 712
681 698
681 716
681 685
681 701
681 718
681 702
681 697
681 687
681 695
681 682
681 715
681 686
681 726
681 709
684 736
684 692
684 699
684 688
684 689
684 691
684 712
684 698
684 716
684 685
684 701
684 718
684 702
684 697
684 687
684 695
684 715
684 686
684 726
684 709
732 736
713 736
713 716
713 718
713 715
713 726
713 732
719 736
719 726
719 732
729 736
729 732
680 736
680 692
680 699
680 688
680 689
680 691
680 712
680 698
680 716
680 685
680 701
680 718
680 702
680 697
680 687
680 695
680 682
680 715
680 686
680 726
680 709
680 681
680 684
680 732
680 713
680 719
680 729
707 736
707 712
707 716
707 718
707 715
707 726
707 709
707 732
707 713
707 719
707 729
641 659
641 658
641 642
641 643
641 647
641 660
641 736
641 645
641 661
641 649
641 677
641 692
641 656
641 675
641 648
641 653
641 665
641 654
641 679
641 644
641 699
641 651
641 646
641 688
641 670
641 689
641 691
641 666
641 663
641 652
641 671
641 664
641 712
641 650
641 698
641 716
641 667
641 685
641 701
641 718
641 657
641 702
641 697
641 687
641 662
641 695
641 674
641 655
641 682
641 715
641 672
641 686
641 726
641 709
641 681
641 684
641 732
641 713
641 719
641 729
641 680
641 707
668 736
668 677
668 692
668 675
668 679
668 699
668 688
668 670
668 689
668 691
668 671
668 712
668 698
668 716
668 685
668 701
668 718
668 702
668 697
668 687
668 695
668 674
668 682
668 715
668 672
668 686
668 726
668 709
668 681
668 684
668 732
668 713
668 719
668 729
668 680
668 707
722 736
722 726
722 732
722 729
678 736
678 692
678 679
678 699
678 688
678 689
678 691
678 712
678 698
678 716
678 685
678 701
678 718
678 702
678 697
678 687
678 695
678 682
678 715
678 686
678 726
678 709
678 681
678 684
678 732
678 713
678 719
678 729
678 680
678 707
678 722
693 736
693 699
693 712
693 698
693 716
693 701
693 718
693 702
693 697
693 695
693 715
693 726
693 709
693 732
693 713
693 719
693 729
693 707
693 722
676 736
676 677
676 692
676 679
676 699
676 688
676 689
676 691
676 712
676 698
676 716
676 685
676 701
676 718
676 702
676 697
676 687
676 695
676 682
676 715
676 686
676 726
676 709
676 681
676 684
676 732
676 713
676 719
676 729
676 680
676 707
676 722
676 678
676 693
669 736
669 677
669 692
669 675
669 679
669 699
669 688
669 670
669 689
669 691
669 671
669 712
669 698
669 716
669 685
669 701
669 718
669 702
669 697
669 687
669 695
669 674
669 682
669 715
669 672
669 686
669 726
669 709
669 681
669 684
669 732
669 713
669 719
669 729
669 680
669 707
669 722
669 678
669 693
669 676
703 736
703 712
703 716
703 718
703 715
703 726
703 709
703 732
703 713
703 719
703 729
703 707
703 722
694 736
694 699
694 712
694 698
694 716
694 701
694 718
694 702
694 697
694 695
694 715
694 726
694 709
694 732
694 713
694 719
694 729
694 707
694 722
694 703
704 736
704 712
704 716
704 718
704 715
704 726
704 709
704 732
704 713
704 719
704 729
704 707
704 722
706 736
706 712
706 716
706 718
706 715
706 726
706 709
706 732
706 713
706 719
706 729
706 707
706 722
708 736
708 712
708 716
708 718
708 715
708 726
708 709
708 732
708 713
708 719
708 729
708 722
683 736
683 692
683 699
683 688
683 689
683 691
683 712
683 698
683 716
683 685
683 701
683 718
683 702
683 697
683 687
683 695
683 715
683 686
683 726
683 709
683 684
683 732
683 713
683 719
683 729
683 707
683 722
683 693
683 703
683 694
683 704
683 706
683 708
714 736
714 716
714 718
714 715
714 726
714 732
714 719
714 729
714 722
714 740
727 736
727 732
727 729
727 740
711 736
711 712
711 716
711 718
711 715
711 726
711 732
711 713
711 719
711 729
711 722
711 740
711 714
711 727
720 736
720 726
720 732
720 729
720 722
720 740
720 727
696 736
696 699
696 712
696 698
696 716
696 701
696 718
696 702
696 697
696 715
696 726
696 709
696 732
696 713
696 719
696 729
696 707
696 722
696 703
696 704
696 706
696 708
696 740
696 714
696 727
696 711
696 720
696 762
700 736
700 712
700 716
700 701
700 718
700 702
700 715
700 726
700 709
700 732
700 713
700 719
700 729
700 707
700 722
700 703
700 704
700 706
700 708
700 740
700 714
700 727
700 711
700 720
700 762
748 762
745 762
745 748
752 762
752 769
735 736
735 740
735 762
735 748
735 745
735 769
735 752
690 736
690 692
690 699
690 691
690 712
690 698
690 716
690 701
690 718
690 702
690 697
690 695
690 715
690 726
690 709
690 732
690 713
690 719
690 729
690 707
690 722
690 693
690 703
690 694
690 704
690 706
690 708
690 740
690 714
690 727
690 711
690 720
690 762
690 696
690 700
690 748
690 745
690 769
690 752
690 735
723 736
723 726
723 732
723 729
723 740
723 727
723 762
723 748
723 745
723 769
723 752
723 735
717 736
717 718
717 726
717 732
717 719
717 729
717 722
717 740
717 727
717 720
717 762
717 748
717 745
717 769
717 752
717 735
717 723
673 736
673 677
673 692
673 675
673 679
673 699
673 688
673 689
673 691
673 712
673 698
673 716
673 685
673 701
673 718
673 702
673 697
673 687
673 695
673 674
673 682
673 715
673 686
673 726
673 709
673 681
673 684
673 732
673 713
673 719
673 729
673 680
673 707
673 722
673 678
673 693
673 676
673 703
673 694
673 704
673 706
673 708
673 683
673 740
673 714
673 727
673 711
673 720
673 762
673 696
673 700
673 748
673 745
673 769
673 752
673 735
673 690
673 723
673 717
746 762
746 748
746 769
746 752
705 736
705 712
705 716
705 718
705 715
705 726
705 709
705 732
705 713
705 719
705 729
705 707
705 722
705 706
705 708
705 740
705 714
705 727
705 711
705 720
705 762
705 748
705 745
705 769
705 752
705 735
705 723
705 717
705 746
743 762
743 748
743 745
743 769
743 752
743 746
725 736
725 726
725 732
725 729
725 740
725 727
725 762
725 748
725 745
725 769
725 752
725 735
725 746
725 743
741 762
741 748
741 745
741 769
741 752
741 746
741 743
750 762
750 769
750 752
710 736
710 712
710 716
710 718
710 715
710 726
710 732
710 713
710 719
710 729
710 722
710 740
710 714
710 727
710 711
710 720
710 762
710 748
710 745
710 769
710 752
710 735
710 723
710 717
710 746
710 743
710 725
710 741
710 750
728 736
728 732
728 729
728 740
728 762
728 748
728 745
728 769
728 752
728 735
728 746
728 743
728 741
728 750
728 784
724 736
724 726
724 732
724 729
724 740
724 727
724 762
724 748
724 745
724 769
724 752
724 735
724 746
724 743
724 725
724 741
724 750
724 784
724 728
747 762
747 748
747 769
747 752
747 750
747 784
751 762
751 769
751 752
751 784
730 736
730 732
730 740
730 762
730 748
730 745
730 769
730 752
730 735
730 746
730 743
730 741
730 750
730 784
730 747
730 751
734 736
734 740
734 762
734 748
734 745
734 769
734 752
734 735
734 746
734 743
734 741
734 750
734 784
734 747
734 751
738 740
738 762
738 748
738 745
738 769
738 752
738 746
738 743
738 741
738 750
738 784
738 747
738 751
733 736
733 740
733 762
733 748
733 745
733 769
733 752
733 735
733 746
733 743
733 741
733 750
733 784
733 747
733 751
733 734
733 738
721 736
721 726
721 732
721 729
721 722
721 740
721 727
721 762
721 748
721 745
721 769
721 752
721 735
721 723
721 746
721 743
721 725
721 741
721 750
721 784
721 728
721 724
721 747
721 751
721 730
721 734
721 738
721 733
721 789
782 784
782 789
759 762
759 769
759 784
759 789
759 782
760 762
760 769
760 784
760 789
760 782
754 762
754 769
754 784
754 789
754 782
754 759
754 760
755 762
755 769
755 784
755 789
755 782
755 759
755 760
763 769
763 784
763 789
763 782
744 762
744 748
744 745
744 769
744 752
744 746
744 750
744 784
744 747
744 751
744 789
744 782
744 759
744 760
744 754
744 755
744 763
772 784
772 789
772 782
742 762
742 748
742 745
742 769
742 752
742 746
742 743
742 750
742 784
742 747
742 751
742 789
742 782
742 759
742 760
742 754
742 755
742 763
742 744
742 772
765 769
765 784
765 789
765 782
765 772
739 740
739 762
739 748
739 745
739 769
739 752
739 746
739 743
739 741
739 750
739 784
739 747
739 751
739 789
739 782
739 759
739 760
739 754
739 755
739 763
739 744
739 772
739 742
739 765
767 769
767 784
767 789
767 782
767 772
787 789
768 769
768 784
768 789
768 782
768 772
768 787
753 762
753 769
753 784
753 789
753 782
753 759
753 760
753 754
753 755
753 763
753 772
753 765
753 767
753 787
753 768
780 784
780 789
780 782
780 787
731 736
731 732
731 740
731 762
731 748
731 745
731 769
731 752
731 735
731 746
731 743
731 741
731 750
731 784
731 747
731 751
731 734
731 738
731 733
731 789
731 782
731 759
731 760
731 754
731 755
731 763
731 744
731 772
731 742
731 765
731 739
731 767
731 787
731 768
731 753
731 780
758 762
758 769
758 784
758 789
758 782
758 759
758 760
758 763
758 772
758 765
758 767
758 787
758 768
758 780
766 769
766 784
766 789
766 782
766 772
766 767
766 787
766 768
766 780
737 740
737 762
737 748
737 745
737 769
737 752
737 746
737 743
737 741
737 750
737 784
737 747
737 751
737 738
737 789
737 782
737 759
737 760
737 754
737 755
737 763
737 744
737 772
737 742
737 765
737 739
737 767
737 787
737 768
737 753
737 780
737 758
737 766
781 784
781 789
781 782
781 787
771 784
771 789
771 782
771 772
771 787
771 780
771 781
774 784
774 789
774 782
774 787
774 780
774 781
785 789
785 787
783 784
783 789
783 787
783 785
783 792
749 762
749 769
749 752
749 750
749 784
749 751
749 789
749 782
749 759
749 760
749 754
749 755
749 763
749 772
749 765
749 767
749 787
749 768
749 753
749 780
749 758
749 766
749 781
749 771
749 774
749 785
749 792
749 783
764 769
764 784
764 789
764 782
764 772
764 765
764 767
764 787
764 768
764 780
764 766
764 781
764 771
764 774
764 785
764 792
764 783
761 762
761 769
761 784
761 789
761 782
761 763
761 772
761 765
761 767
761 787
761 768
761 780
761 766
761 781
761 771
761 774
761 785
761 792
761 783
761 764
786 789
786 787
786 792
779 784
779 789
779 782
779 787
779 780
779 781
779 785
779 792
779 783
779 786
773 784
773 789
773 782
773 787
773 780
773 781
773 774
773 785
773 792
773 783
773 786
773 779
757 762
757 769
757 784
757 789
757 782
757 759
757 760
757 763
757 772
757 765
757 767
757 787
757 768
757 780
757 758
757 766
757 781
757 771
757 774
757 785
757 792
757 783
757 764
757 761
757 786
757 779
757 773
777 784
777 789
777 782
777 787
777 780
777 781
777 785
777 792
777 783
777 786
777 779
790 792
788 789
788 792
788 790
791 792
775 784
775 789
775 782
775 787
775 780
775 781
775 785
775 792
775 783
775 786
775 779
775 777
775 790
775 788
775 791
776 784
776 789
776 782
776 787
776 780
776 781
776 785
776 792
776 783
776 786
776 779
776 777
776 790
776 788
776 791
778 784
778 789
778 782
778 787
778 780
778 781
778 785
778 792
778 783
778 786
778 779
778 790
778 788
778 791
756 762
756 769
756 784
756 789
756 782
756 759
756 760
756 763
756 772
756 765
756 767
756 787
756 768
756 780
756 758
756 766
756 781
756 771
756 774
756 785
756 792
756 783
756 764
756 761
756 786
756 779
756 773
756 757
756 777
756 790
756 788
756 791
756 775
756 776
756 778
770 784
770 789
770 782
770 772
770 787
770 780
770 781
770 771
770 774
770 785
770 792
770 783
770 786
770 779
770 773
770 777
770 790
770 788
770 791
770 775
770 776
770 778
