711 10000
6 24
6 49
12 24
12 49
17 24
17 49
36 49
30 49
30 36
20 24
20 49
20 36
20 30
1 24
1 49
1 6
1 12
1 17
1 36
1 30
1 20
1 54
19 24
19 49
19 36
19 30
19 20
19 54
5 24
5 49
5 6
5 12
5 17
5 36
5 30
5 20
5 54
5 19
15 24
15 49
15 17
15 36
15 30
15 20
15 54
15 19
41 49
41 54
22 24
22 49
22 36
22 30
22 54
22 41
23 24
23 49
23 36
23 30
23 54
23 41
33 49
33 36
33 54
33 41
46 49
46 54
7 24
7 49
7 12
7 17
7 36
7 30
7 20
7 54
7 19
7 15
7 41
7 22
7 23
7 33
7 46
7 65
64 65
39 49
39 54
39 41
39 46
39 65
39 64
43 49
43 54
43 46
43 65
43 64
3 24
3 49
3 6
3 12
3 17
3 36
3 30
3 20
3 54
3 19
3 5
3 15
3 41
3 22
3 23
3 33
3 46
3 65
3 7
3 64
3 39
3 43
13 24
13 49
13 17
13 36
13 30
13 20
13 54
13 19
13 15
13 41
13 22
13 23
13 33
13 46
13 65
13 64
13 39
13 43
26 49
26 36
26 30
26 54
26 41
26 33
26 46
26 65
26 64
26 39
26 43
26 68
58 65
58 64
58 68
48 49
48 54
48 65
48 64
48 68
48 58
51 54
51 65
51 64
51 68
51 58
4 24
4 49
4 6
4 12
4 17
4 36
4 30
4 20
4 54
4 19
4 5
4 15
4 41
4 22
4 23
4 33
4 46
4 65
4 7
4 64
4 39
4 43
4 13
4 68
4 26
4 58
4 48
4 51
40 49
40 54
40 41
40 46
40 65
40 64
40 43
40 68
40 58
40 48
40 51
11 24
11 49
11 12
11 17
11 36
11 30
11 20
11 54
11 19
11 15
11 41
11 22
11 23
11 33
11 46
11 65
11 64
11 39
11 43
11 13
11 68
11 26
11 58
11 48
11 51
11 40
61 65
61 64
61 68
9 24
9 49
9 12
9 17
9 36
9 30
9 20
9 54
9 19
9 15
9 41
9 22
9 23
9 33
9 46
9 65
9 64
9 39
9 43
9 13
9 68
9 26
9 58
9 48
9 51
9 40
9 11
9 61
37 49
37 54
37 41
37 46
37 65
37 64
37 39
37 43
37 68
37 58
37 48
37 51
37 40
37 61
31 49
31 36
31 54
31 41
31 33
31 46
31 65
31 64
31 39
31 43
31 68
31 58
31 48
31 51
31 40
31 61
31 37
52 54
52 65
52 64
52 68
52 58
52 61
67 68
34 49
34 36
34 54
34 41
34 46
34 65
34 64
34 39
34 43
34 68
34 58
34 48
34 51
34 40
34 61
34 37
34 52
34 67
2 24
2 49
2 6
2 12
2 17
2 36
2 30
2 20
2 54
2 19
2 5
2 15
2 41
2 22
2 23
2 33
2 46
2 65
2 7
2 64
2 39
2 43
2 3
2 13
2 68
2 26
2 58
2 48
2 51
2 4
2 40
2 11
2 61
2 9
2 37
2 31
2 52
2 67
2 34
8 24
8 49
8 12
8 17
8 36
8 30
8 20
8 54
8 19
8 15
8 41
8 22
8 23
8 33
8 46
8 65
8 64
8 39
8 43
8 13
8 68
8 26
8 58
8 48
8 51
8 40
8 11
8 61
8 9
8 37
8 31
8 52
8 67
8 34
45 49
45 54
45 46
45 65
45 64
45 68
45 58
45 48
45 51
45 61
45 52
45 67
38 49
38 54
38 41
38 46
38 65
38 64
38 39
38 43
38 68
38 58
38 48
38 51
38 40
38 61
38 52
38 67
38 45
47 49
47 54
47 65
47 64
47 68
47 58
47 48
47 51
47 61
47 52
47 67
44 49
44 54
44 46
44 65
44 64
44 68
44 58
44 48
44 51
44 61
44 52
44 67
44 45
44 47
14 24
14 49
14 17
14 36
14 30
14 20
14 54
14 19
14 15
14 41
14 22
14 23
14 33
14 46
14 65
14 64
14 39
14 43
14 68
14 26
14 58
14 48
14 51
14 40
14 61
14 37
14 31
14 52
14 67
14 34
14 45
14 38
14 47
14 44
14 69
53 54
53 65
53 64
53 68
53 58
53 61
53 67
53 69
29 49
29 36
29 30
29 54
29 41
29 33
29 46
29 65
29 64
29 39
29 43
29 68
29 58
29 48
29 51
29 40
29 61
29 37
29 31
29 52
29 67
29 34
29 45
29 38
29 47
29 44
29 69
29 53
18 24
18 49
18 36
18 30
18 20
18 54
18 19
18 41
18 22
18 23
18 33
18 46
18 65
18 64
18 39
18 43
18 68
18 26
18 58
18 48
18 51
18 40
18 61
18 37
18 31
18 52
18 67
18 34
18 45
18 38
18 47
18 44
18 69
18 53
18 29
63 65
63 64
63 68
63 67
63 69
35 49
35 36
35 54
35 41
35 46
35 65
35 64
35 39
35 43
35 68
35 58
35 48
35 51
35 40
35 61
35 37
35 52
35 67
35 45
35 38
35 47
35 44
35 69
35 53
35 63
35 70
76 85
21 24
21 49
21 36
21 30
21 54
21 41
21 22
21 23
21 33
21 46
21 65
21 64
21 39
21 43
21 68
21 26
21 58
21 48
21 51
21 40
21 61
21 37
21 31
21 52
21 67
21 34
21 45
21 38
21 47
21 44
21 69
21 53
21 29
21 63
21 70
21 35
21 85
21 76
42 49
42 54
42 46
42 65
42 64
42 43
42 68
42 58
42 48
42 51
42 61
42 52
42 67
42 45
42 47
42 44
42 69
42 53
42 63
42 70
42 85
42 76
16 24
16 49
16 17
16 36
16 30
16 20
16 54
16 19
16 41
16 22
16 23
16 33
16 46
16 65
16 64
16 39
16 43
16 68
16 26
16 58
16 48
16 51
16 40
16 61
16 37
16 31
16 52
16 67
16 34
16 45
16 38
16 47
16 44
16 69
16 53
16 29
16 18
16 63
16 70
16 35
16 85
16 76
16 21
16 42
16 87
32 49
32 36
32 54
32 41
32 33
32 46
32 65
32 64
32 39
32 43
32 68
32 58
32 48
32 51
32 40
32 61
32 37
32 52
32 67
32 34
32 45
32 38
32 47
32 44
32 69
32 53
32 63
32 70
32 35
32 85
32 76
32 42
32 87
77 85
77 87
77 89
28 49
28 36
28 30
28 54
28 41
28 33
28 46
28 65
28 64
28 39
28 43
28 68
28 58
28 48
28 51
28 40
28 61
28 37
28 31
28 52
28 67
28 34
28 45
28 38
28 47
28 44
28 69
28 53
28 29
28 63
28 70
28 35
28 85
28 76
28 42
28 87
28 32
28 89
28 77
81 85
81 87
81 89
10 24
10 49
10 12
10 17
10 36
10 30
10 20
10 54
10 19
10 15
10 41
10 22
10 23
10 33
10 46
10 65
10 64
10 39
10 43
10 13
10 68
10 26
10 58
10 48
10 51
10 40
10 11
10 61
10 37
10 31
10 52
10 67
10 34
10 45
10 38
10 47
10 44
10 69
10 14
10 53
10 29
10 18
10 63
10 70
10 35
10 85
10 76
10 21
10 42
10 87
10 16
10 32
10 89
10 77
10 28
10 81
72 85
72 76
72 87
72 89
72 77
72 81
25 49
25 36
25 30
25 54
25 41
25 33
25 46
25 65
25 64
25 39
25 43
25 68
25 26
25 58
25 48
25 51
25 40
25 61
25 37
25 31
25 52
25 67
25 34
25 45
25 38
25 47
25 44
25 69
25 53
25 29
25 63
25 70
25 35
25 85
25 76
25 42
25 87
25 32
25 89
25 77
25 28
25 81
25 72
60 65
60 64
60 68
60 61
60 67
60 69
60 63
60 70
60 85
60 76
60 87
60 89
60 77
60 81
60 72
82 85
82 87
82 89
56 65
56 64
56 68
56 58
56 61
56 67
56 69
56 63
56 70
56 85
56 76
56 87
56 89
56 77
56 81
56 72
56 60
56 82
57 65
57 64
57 68
57 58
57 61
57 67
57 69
57 63
57 70
57 85
57 76
57 87
57 89
57 77
57 81
57 72
57 60
57 82
66 68
66 67
66 69
66 70
66 85
66 76
66 87
66 89
66 77
66 81
66 72
66 82
88 89
50 54
50 65
50 64
50 68
50 58
50 51
50 61
50 52
50 67
50 69
50 53
50 63
50 70
50 85
50 76
50 87
50 89
50 77
50 81
50 72
50 60
50 82
50 56
50 57
50 66
50 88
102 111
78 85
78 87
78 89
78 81
78 82
78 88
78 111
78 102
78 114
75 85
75 76
75 87
75 89
75 77
75 81
75 82
75 88
75 111
75 102
75 114
75 78
74 85
74 76
74 87
74 89
74 77
74 81
74 82
74 88
74 111
74 102
74 114
74 78
74 75
83 85
83 87
83 89
83 88
83 111
83 102
83 114
27 49
27 36
27 30
27 54
27 41
27 33
27 46
27 65
27 64
27 39
27 43
27 68
27 58
27 48
27 51
27 40
27 61
27 37
27 31
27 52
27 67
27 34
27 45
27 38
27 47
27 44
27 69
27 53
27 29
27 63
27 70
27 35
27 85
27 76
27 42
27 87
27 32
27 89
27 77
27 28
27 81
27 72
27 60
27 82
27 56
27 57
27 66
27 88
27 50
27 111
27 102
27 114
27 78
27 75
27 74
27 83
27 133
62 65
62 64
62 68
62 67
62 69
62 63
62 70
62 85
62 76
62 87
62 89
62 77
62 81
62 72
62 82
62 66
62 88
62 111
62 102
62 114
62 78
62 75
62 74
62 83
62 133
116 133
86 87
86 89
86 88
86 111
86 102
86 114
86 133
86 116
95 111
95 102
95 114
95 133
95 116
71 85
71 76
71 87
71 89
71 77
71 81
71 72
71 82
71 88
71 111
71 102
71 114
71 78
71 75
71 74
71 83
71 133
71 116
71 86
71 95
122 133
122 138
91 111
91 102
91 114
91 133
91 116
91 95
91 138
91 122
59 65
59 64
59 68
59 61
59 67
59 69
59 63
59 70
59 85
59 76
59 87
59 89
59 77
59 81
59 72
59 60
59 82
59 66
59 88
59 111
59 102
59 114
59 78
59 75
59 74
59 83
59 133
59 62
59 116
59 86
59 95
59 71
59 138
59 122
59 91
59 139
90 111
90 102
90 114
90 133
90 116
90 95
90 138
90 122
90 91
90 139
105 111
105 114
105 133
105 116
105 138
105 122
105 139
101 111
101 102
101 114
101 133
101 116
101 138
101 122
101 139
101 105
110 111
110 114
110 133
110 116
110 138
110 122
110 139
99 111
99 102
99 114
99 133
99 116
99 138
99 122
99 139
99 105
99 101
99 110
97 111
97 102
97 114
97 133
97 116
97 138
97 122
97 139
97 105
97 101
97 110
97 99
80 85
80 87
80 89
80 81
80 82
80 88
80 111
80 102
80 114
80 83
80 133
80 116
80 86
80 95
80 138
80 122
80 91
80 139
80 90
80 105
80 101
80 110
80 99
80 97
103 111
103 114
103 133
103 116
103 138
103 122
103 139
103 105
103 110
135 138
135 139
106 111
106 114
106 133
106 116
106 138
106 122
106 139
106 110
106 135
106 150
128 133
128 138
128 139
128 135
128 150
129 133
129 138
129 139
129 135
129 150
118 133
118 138
118 122
118 139
118 135
118 150
118 128
118 129
131 133
131 138
131 139
131 135
131 150
113 114
113 133
113 116
113 138
113 122
113 139
113 135
113 150
113 128
113 129
113 118
113 131
107 111
107 114
107 133
107 116
107 138
107 122
107 139
107 110
107 135
107 150
107 128
107 129
107 118
107 131
107 113
79 85
79 87
79 89
79 81
79 82
79 88
79 111
79 102
79 114
79 83
79 133
79 116
79 86
79 95
79 138
79 122
79 91
79 139
79 90
79 105
79 101
79 110
79 99
79 97
79 80
79 103
79 135
79 150
79 106
79 128
79 129
79 118
79 131
79 113
79 107
94 111
94 102
94 114
94 133
94 116
94 95
94 138
94 122
94 139
94 105
94 101
94 110
94 99
94 97
94 103
94 135
94 150
94 106
94 128
94 129
94 118
94 131
94 113
94 107
84 85
84 87
84 89
84 88
84 111
84 102
84 114
84 133
84 116
84 86
84 95
84 138
84 122
84 91
84 139
84 90
84 105
84 101
84 110
84 99
84 97
84 103
84 135
84 150
84 106
84 128
84 129
84 118
84 131
84 113
84 107
84 94
100 111
100 102
100 114
100 133
100 116
100 138
100 122
100 139
100 105
100 101
100 110
100 103
100 135
100 150
100 106
100 128
100 129
100 118
100 131
100 113
100 107
121 133
121 138
121 122
121 139
121 135
121 150
121 128
121 129
121 131
112 114
112 133
112 116
112 138
112 122
112 139
112 135
112 150
112 128
112 129
112 118
112 131
112 113
112 121
55 65
55 64
55 68
55 58
55 61
55 67
55 69
55 63
55 70
55 85
55 76
55 87
55 89
55 77
55 81
55 72
55 60
55 82
55 56
55 57
55 66
55 88
55 111
55 102
55 114
55 78
55 75
55 74
55 83
55 133
55 62
55 116
55 86
55 95
55 71
55 138
55 122
55 91
55 139
55 59
55 90
55 105
55 101
55 110
55 99
55 97
55 80
55 103
55 135
55 150
55 106
55 128
55 129
55 118
55 131
55 113
55 107
55 79
55 94
55 84
55 100
55 121
55 112
132 133
132 138
132 139
132 135
132 150
120 133
120 138
120 122
120 139
120 135
120 150
120 128
120 129
120 131
120 121
120 132
134 138
134 139
134 135
134 150
145 150
117 133
117 138
117 122
117 139
117 135
117 150
117 128
117 129
117 118
117 131
117 121
117 132
117 120
117 134
117 145
119 133
119 138
119 122
119 139
119 135
119 150
119 128
119 129
119 131
119 121
119 132
119 120
119 134
119 145
93 111
93 102
93 114
93 133
93 116
93 95
93 138
93 122
93 139
93 105
93 101
93 110
93 99
93 97
93 103
93 135
93 150
93 106
93 128
93 129
93 118
93 131
93 113
93 107
93 94
93 100
93 121
93 112
93 132
93 120
93 134
93 145
93 117
93 119
93 176
130 133
130 138
130 139
130 135
130 150
130 131
130 132
130 134
130 145
130 176
167 176
126 133
126 138
126 139
126 135
126 150
126 128
126 129
126 131
126 132
126 134
126 145
126 176
126 130
126 167
92 111
92 102
92 114
92 133
92 116
92 95
92 138
92 122
92 139
92 105
92 101
92 110
92 99
92 97
92 103
92 135
92 150
92 106
92 128
92 129
92 118
92 131
92 113
92 107
92 94
92 100
92 121
92 112
92 132
92 120
92 134
92 145
92 117
92 119
92 176
92 93
92 130
92 167
92 126
125 133
125 138
125 139
125 135
125 150
125 128
125 129
125 131
125 132
125 134
125 145
125 176
125 130
125 167
125 126
151 176
151 167
123 133
123 138
123 139
123 135
123 150
123 128
123 129
123 131
123 132
123 134
123 145
123 176
123 130
123 167
123 126
123 125
123 151
149 150
149 176
149 167
149 151
98 111
98 102
98 114
98 133
98 116
98 138
98 122
98 139
98 105
98 101
98 110
98 99
98 103
98 135
98 150
98 106
98 128
98 129
98 118
98 131
98 113
98 107
98 100
98 121
98 112
98 132
98 120
98 134
98 145
98 117
98 119
98 176
98 130
98 167
98 126
98 125
98 151
98 123
98 149
155 176
155 167
144 150
144 145
144 176
144 167
144 151
144 149
144 155
96 111
96 102
96 114
96 133
96 116
96 138
96 122
96 139
96 105
96 101
96 110
96 99
96 97
96 103
96 135
96 150
96 106
96 128
96 129
96 118
96 131
96 113
96 107
96 100
96 121
96 112
96 132
96 120
96 134
96 145
96 117
96 119
96 176
96 130
96 167
96 126
96 125
96 151
96 123
96 149
96 98
96 155
96 144
108 111
108 114
108 133
108 116
108 138
108 122
108 139
108 110
108 135
108 150
108 128
108 129
108 118
108 131
108 113
108 121
108 112
108 132
108 120
108 134
108 145
108 117
108 119
108 176
108 130
108 167
108 126
108 125
108 151
108 123
108 149
108 155
108 144
160 176
160 167
161 176
161 167
154 176
154 167
154 155
154 160
154 161
140 150
140 145
140 176
140 167
140 151
140 149
140 155
140 144
140 160
140 161
140 154
127 133
127 138
127 139
127 135
127 150
127 128
127 129
127 131
127 132
127 134
127 145
127 176
127 130
127 167
127 151
127 149
127 155
127 144
127 160
127 161
127 154
127 140
141 150
141 145
141 176
141 167
141 151
141 149
141 155
141 144
141 160
141 161
141 154
146 150
146 176
146 167
146 151
146 149
146 155
146 160
146 161
146 154
136 138
136 139
136 150
136 145
136 176
136 167
136 151
136 149
136 155
136 144
136 160
136 161
136 154
136 140
136 141
136 146
73 85
73 76
73 87
73 89
73 77
73 81
73 82
73 88
73 111
73 102
73 114
73 78
73 75
73 74
73 83
73 133
73 116
73 86
73 95
73 138
73 122
73 91
73 139
73 90
73 105
73 101
73 110
73 99
73 97
73 80
73 103
73 135
73 150
73 106
73 128
73 129
73 118
73 131
73 113
73 107
73 79
73 94
73 84
73 100
73 121
73 112
73 132
73 120
73 134
73 145
73 117
73 119
73 176
73 93
73 130
73 167
73 126
73 92
73 125
73 151
73 123
73 149
73 98
73 155
73 144
73 96
73 108
73 160
73 161
73 154
73 140
73 127
73 141
73 146
73 136
115 133
115 116
115 138
115 122
115 139
115 135
115 150
115 128
115 129
115 118
115 131
115 121
115 132
115 120
115 134
115 145
115 117
115 119
115 176
115 130
115 167
115 126
115 125
115 151
115 123
115 149
115 155
115 144
115 160
115 161
115 154
115 140
115 127
115 141
115 146
115 136
142 150
142 145
142 176
142 167
142 151
142 149
142 155
142 144
142 160
142 161
142 154
142 146
171 176
174 176
137 138
137 139
137 150
137 145
137 176
137 167
137 151
137 149
137 155
137 144
137 160
137 161
137 154
137 140
137 141
137 146
137 142
137 171
137 174
169 176
169 171
169 174
162 176
162 167
162 171
162 174
162 169
158 176
158 167
158 160
158 161
158 171
158 174
158 169
158 162
104 111
104 114
104 133
104 116
104 138
104 122
104 139
104 105
104 110
104 135
104 150
104 106
104 128
104 129
104 118
104 131
104 113
104 107
104 121
104 112
104 132
104 120
104 134
104 145
104 117
104 119
104 176
104 130
104 167
104 126
104 125
104 151
104 123
104 149
104 155
104 144
104 108
104 160
104 161
104 154
104 140
104 127
104 141
104 146
104 136
104 115
104 142
104 171
104 174
104 137
104 169
104 162
104 158
152 176
152 167
152 155
152 160
152 161
152 154
152 171
152 174
152 169
152 162
152 158
124 133
124 138
124 139
124 135
124 150
124 128
124 129
124 131
124 132
124 134
124 145
124 176
124 130
124 167
124 126
124 125
124 151
124 149
124 155
124 144
124 160
124 161
124 154
124 140
124 127
124 141
124 146
124 136
124 142
124 171
124 174
124 137
124 169
124 162
124 158
124 152
168 176
168 171
168 174
168 169
157 176
157 167
157 160
157 161
157 171
157 174
157 169
157 162
157 158
157 168
163 176
163 167
163 171
163 174
163 169
163 168
159 176
159 167
159 160
159 161
159 171
159 174
159 169
159 162
159 168
159 163
148 150
148 176
148 167
148 151
148 149
148 155
148 160
148 161
148 154
148 171
148 174
148 169
148 162
148 158
148 152
148 168
148 157
148 163
148 159
148 181
109 111
109 114
109 133
109 116
109 138
109 122
109 139
109 110
109 135
109 150
109 128
109 129
109 118
109 131
109 113
109 121
109 112
109 132
109 120
109 134
109 145
109 117
109 119
109 176
109 130
109 167
109 126
109 125
109 151
109 123
109 149
109 155
109 144
109 160
109 161
109 154
109 140
109 127
109 141
109 146
109 136
109 115
109 142
109 171
109 174
109 137
109 169
109 162
109 158
109 152
109 124
109 168
109 157
109 163
109 159
109 181
109 148
143 150
143 145
143 176
143 167
143 151
143 149
143 155
143 144
143 160
143 161
143 154
143 146
143 171
143 174
143 169
143 162
143 158
143 152
143 168
143 157
143 163
143 159
143 181
143 148
170 176
170 171
170 174
170 181
202 219
189 219
189 202
165 176
165 167
165 171
165 174
165 169
165 168
165 181
165 170
165 183
165 219
165 202
165 189
191 219
191 202
191 222
172 176
172 174
172 181
172 183
172 219
172 202
172 189
172 222
172 191
180 181
180 183
180 219
180 202
180 189
180 222
180 191
180 225
156 176
156 167
156 160
156 161
156 171
156 174
156 169
156 162
156 158
156 168
156 157
156 163
156 159
156 181
156 170
156 183
156 219
156 202
156 189
156 165
156 222
156 191
156 172
156 225
156 180
190 219
190 202
190 222
190 191
190 225
173 176
173 174
173 181
173 183
173 219
173 202
173 189
173 222
173 191
173 225
173 180
173 190
147 150
147 176
147 167
147 151
147 149
147 155
147 160
147 161
147 154
147 171
147 174
147 169
147 162
147 158
147 152
147 168
147 157
147 163
147 159
147 181
147 148
147 170
147 183
147 219
147 202
147 189
147 165
147 222
147 191
147 172
147 225
147 180
147 156
147 190
147 173
184 219
184 202
184 189
184 222
184 191
184 225
184 190
175 176
175 181
175 183
175 219
175 202
175 189
175 222
175 191
175 225
175 180
175 190
175 184
187 219
187 202
187 189
187 222
187 191
187 225
187 190
209 219
209 222
209 225
166 176
166 167
166 171
166 174
166 169
166 168
166 181
166 170
166 183
166 219
166 202
166 189
166 222
166 191
166 172
166 225
166 180
166 190
166 173
166 184
166 175
166 187
166 209
197 219
197 202
197 222
197 225
197 209
210 219
210 222
210 225
188 219
188 202
188 189
188 222
188 191
188 225
188 190
188 209
188 197
188 210
193 219
193 202
193 222
193 225
193 209
193 197
193 210
198 219
198 202
198 222
198 225
198 209
198 210
213 219
213 222
213 225
204 219
204 222
204 225
204 209
204 210
204 213
179 181
179 183
179 219
179 202
179 189
179 222
179 191
179 225
179 180
179 190
179 184
179 187
179 209
179 197
179 210
179 188
179 193
179 198
179 213
179 204
153 176
153 167
153 155
153 160
153 161
153 154
153 171
153 174
153 169
153 162
153 158
153 168
153 157
153 163
153 159
153 181
153 170
153 183
153 219
153 202
153 189
153 165
153 222
153 191
153 172
153 225
153 180
153 156
153 190
153 173
153 184
153 175
153 187
153 209
153 166
153 197
153 210
153 188
153 193
153 198
153 213
153 204
153 179
199 219
199 202
199 222
199 225
199 209
199 210
199 213
199 204
164 176
164 167
164 171
164 174
164 169
164 168
164 181
164 170
164 183
164 219
164 202
164 189
164 165
164 222
164 191
164 172
164 225
164 180
164 190
164 173
164 184
164 175
164 187
164 209
164 166
164 197
164 210
164 188
164 193
164 198
164 213
164 204
164 179
164 199
186 219
186 202
186 189
186 222
186 191
186 225
186 190
186 187
186 209
186 197
186 210
186 188
186 193
186 198
186 213
186 204
186 199
186 243
186 245
185 219
185 202
185 189
185 222
185 191
185 225
185 190
185 187
185 209
185 197
185 210
185 188
185 193
185 198
185 213
185 204
185 199
185 243
185 245
185 186
207 219
207 222
207 225
207 209
207 210
207 213
207 243
207 245
201 219
201 202
201 222
201 225
201 209
201 210
201 213
201 204
201 243
201 245
201 207
218 219
218 222
218 225
218 243
218 245
230 243
230 245
178 181
178 183
178 219
178 202
178 189
178 222
178 191
178 225
178 180
178 190
178 184
178 187
178 209
178 197
178 210
178 188
178 193
178 198
178 213
178 204
178 179
178 199
178 243
178 245
178 186
178 185
178 207
178 201
178 218
178 230
241 243
241 245
177 181
177 183
177 219
177 202
177 189
177 222
177 191
177 225
177 180
177 190
177 184
177 187
177 209
177 197
177 210
177 188
177 193
177 198
177 213
177 204
177 179
177 199
177 243
177 245
177 186
177 185
177 207
177 201
177 218
177 230
177 178
177 241
203 219
203 222
203 225
203 209
203 210
203 213
203 204
203 243
203 245
203 207
203 218
203 230
203 241
223 225
223 243
223 245
223 230
223 241
228 243
228 245
228 230
228 241
217 219
217 222
217 225
217 243
217 245
217 218
217 230
217 241
217 223
217 228
195 219
195 202
195 222
195 225
195 209
195 197
195 210
195 198
195 213
195 204
195 199
195 243
195 245
195 207
195 201
195 218
195 230
195 241
195 203
195 223
195 228
195 217
232 243
232 245
232 241
216 219
216 222
216 225
216 243
216 245
216 218
216 230
216 241
216 223
216 228
216 217
216 232
220 222
220 225
220 243
220 245
220 230
220 241
220 223
220 228
220 232
220 270
194 219
194 202
194 222
194 225
194 209
194 197
194 210
194 198
194 213
194 204
194 199
194 243
194 245
194 207
194 201
194 218
194 230
194 241
194 203
194 223
194 228
194 217
194 195
194 232
194 216
194 270
194 220
208 219
208 222
208 225
208 209
208 210
208 213
208 243
208 245
208 218
208 230
208 241
208 223
208 228
208 217
208 232
208 216
208 270
208 220
249 270
196 219
196 202
196 222
196 225
196 209
196 197
196 210
196 198
196 213
196 204
196 199
196 243
196 245
196 207
196 201
196 218
196 230
196 241
196 203
196 223
196 228
196 217
196 232
196 216
196 270
196 220
196 208
196 249
233 243
233 245
233 241
233 270
233 249
211 219
211 222
211 225
211 213
211 243
211 245
211 218
211 230
211 241
211 223
211 228
211 217
211 232
211 216
211 270
211 220
211 249
211 233
206 219
206 222
206 225
206 209
206 210
206 213
206 243
206 245
206 207
206 218
206 230
206 241
206 223
206 228
206 217
206 232
206 216
206 270
206 220
206 208
206 249
206 233
206 211
252 270
246 270
246 249
246 252
255 270
226 243
226 245
226 230
226 241
226 228
226 232
226 270
226 249
226 233
226 252
226 246
226 255
244 245
244 270
244 249
244 252
244 246
244 255
263 270
238 243
238 245
238 241
238 270
238 249
238 252
238 246
238 255
238 244
238 263
215 219
215 222
215 225
215 243
215 245
215 218
215 230
215 241
215 223
215 228
215 217
215 232
215 216
215 270
215 220
215 249
215 233
215 252
215 246
215 255
215 226
215 244
215 263
215 238
192 219
192 202
192 222
192 225
192 209
192 197
192 210
192 193
192 198
192 213
192 204
192 199
192 243
192 245
192 207
192 201
192 218
192 230
192 241
192 203
192 223
192 228
192 217
192 195
192 232
192 216
192 270
192 220
192 194
192 208
192 249
192 196
192 233
192 211
192 206
192 252
192 246
192 255
192 226
192 244
192 263
192 238
192 215
192 273
231 243
231 245
231 241
231 232
231 270
231 249
231 233
231 252
231 246
231 255
231 244
231 263
231 238
231 273
212 219
212 222
212 225
212 213
212 243
212 245
212 218
212 230
212 241
212 223
212 228
212 217
212 232
212 216
212 270
212 220
212 249
212 233
212 252
212 246
212 255
212 226
212 244
212 263
212 238
212 215
212 273
212 231
242 243
242 245
242 270
242 249
242 252
242 246
242 255
242 244
242 263
242 273
224 225
224 243
224 245
224 230
224 241
224 228
224 232
224 270
224 249
224 233
224 252
224 246
224 255
224 226
224 244
224 263
224 238
224 273
224 231
224 242
234 243
234 245
234 241
234 270
234 249
234 252
234 246
234 255
234 244
234 263
234 238
234 273
234 242
200 219
200 202
200 222
200 225
200 209
200 210
200 213
200 204
200 243
200 245
200 207
200 201
200 218
200 230
200 241
200 203
200 223
200 228
200 217
200 232
200 216
200 270
200 220
200 208
200 249
200 233
200 211
200 206
200 252
200 246
200 255
200 226
200 244
200 263
200 238
200 215
200 273
200 231
200 212
200 242
200 224
200 234
200 291
247 270
247 249
247 252
247 255
247 263
247 273
247 291
257 270
257 263
257 273
257 291
253 270
253 255
253 263
253 273
253 291
253 257
265 270
265 273
265 291
285 291
229 243
229 245
229 230
229 241
229 232
229 270
229 249
229 233
229 252
229 246
229 255
229 244
229 263
229 238
229 273
229 231
229 242
229 234
229 291
229 247
229 257
229 253
229 265
229 285
236 243
236 245
236 241
236 270
236 249
236 252
236 246
236 255
236 244
236 263
236 238
236 273
236 242
236 291
236 247
236 257
236 253
236 265
236 285
248 270
248 249
248 252
248 255
248 263
248 273
248 291
248 257
248 253
248 265
248 285
277 291
277 285
182 183
182 219
182 202
182 189
182 222
182 191
182 225
182 190
182 184
182 187
182 209
182 197
182 210
182 188
182 193
182 198
182 213
182 204
182 199
182 243
182 245
182 186
182 185
182 207
182 201
182 218
182 230
182 241
182 203
182 223
182 228
182 217
182 195
182 232
182 216
182 270
182 220
182 194
182 208
182 249
182 196
182 233
182 211
182 206
182 252
182 246
182 255
182 226
182 244
182 263
182 238
182 215
182 273
182 192
182 231
182 212
182 242
182 224
182 234
182 291
182 200
182 247
182 257
182 253
182 265
182 285
182 229
182 236
182 248
182 277
237 243
237 245
237 241
237 270
237 249
237 252
237 246
237 255
237 244
237 263
237 238
237 273
237 242
237 291
237 247
237 257
237 253
237 265
237 285
237 248
237 277
271 273
271 291
271 285
271 277
221 222
221 225
221 243
221 245
221 230
221 241
221 223
221 228
221 232
221 270
221 249
221 233
221 252
221 246
221 255
221 226
221 244
221 263
221 238
221 273
221 231
221 242
221 224
221 234
221 291
221 247
221 257
221 253
221 265
221 285
221 229
221 236
221 248
221 277
221 237
221 271
205 219
205 222
205 225
205 209
205 210
205 213
205 243
205 245
205 207
205 218
205 230
205 241
205 223
205 228
205 217
205 232
205 216
205 270
205 220
205 208
205 249
205 233
205 211
205 206
205 252
205 246
205 255
205 226
205 244
205 263
205 238
205 215
205 273
205 231
205 212
205 242
205 224
205 234
205 291
205 247
205 257
205 253
205 265
205 285
205 229
205 236
205 248
205 277
205 237
205 271
205 221
239 243
239 245
239 241
239 270
239 249
239 252
239 246
239 255
239 244
239 263
239 273
239 242
239 291
239 247
239 257
239 253
239 265
239 285
239 248
239 277
239 271
269 270
269 273
269 291
269 285
269 277
269 271
214 219
214 222
214 225
214 243
214 245
214 218
214 230
214 241
214 223
214 228
214 217
214 232
214 216
214 270
214 220
214 249
214 233
214 252
214 246
214 255
214 226
214 244
214 263
214 238
214 215
214 273
214 231
214 242
214 224
214 234
214 291
214 247
214 257
214 253
214 265
214 285
214 229
214 236
214 248
214 277
214 237
214 271
214 221
214 239
214 269
227 243
227 245
227 230
227 241
227 228
227 232
227 270
227 249
227 233
227 252
227 246
227 255
227 244
227 263
227 238
227 273
227 231
227 242
227 234
227 291
227 247
227 257
227 253
227 265
227 285
227 229
227 236
227 248
227 277
227 237
227 271
227 239
227 269
227 319
267 270
267 273
267 291
267 285
267 277
267 271
267 269
267 319
288 291
288 319
262 270
262 263
262 273
262 291
262 265
262 285
262 277
262 271
262 269
262 319
262 267
262 288
286 291
286 319
286 288
250 270
250 252
250 255
250 263
250 273
250 291
250 257
250 253
250 265
250 285
250 277
250 271
250 269
250 319
250 267
250 288
250 262
250 286
240 243
240 245
240 241
240 270
240 249
240 252
240 246
240 255
240 244
240 263
240 273
240 242
240 291
240 247
240 257
240 253
240 265
240 285
240 248
240 277
240 271
240 269
240 319
240 267
240 288
240 262
240 286
240 250
280 291
280 285
280 319
280 288
280 286
261 270
261 263
261 273
261 291
261 265
261 285
261 277
261 271
261 269
261 319
261 267
261 288
261 262
261 286
261 280
300 319
266 270
266 273
266 291
266 285
266 277
266 271
266 269
266 319
266 267
266 288
266 286
266 280
266 300
251 270
251 252
251 255
251 263
251 273
251 291
251 257
251 253
251 265
251 285
251 277
251 271
251 269
251 319
251 267
251 288
251 262
251 286
251 280
251 261
251 300
251 266
260 270
260 263
260 273
260 291
260 265
260 285
260 277
260 271
260 269
260 319
260 267
260 288
260 262
260 286
260 280
260 261
260 300
260 266
268 270
268 273
268 291
268 285
268 277
268 271
268 269
268 319
268 288
268 286
268 280
268 300
258 270
258 263
258 273
258 291
258 265
258 285
258 277
258 271
258 269
258 319
258 267
258 288
258 262
258 286
258 280
258 261
258 300
258 266
258 260
258 268
274 291
274 285
274 277
274 319
274 288
274 286
274 280
274 300
254 270
254 255
254 263
254 273
254 291
254 257
254 265
254 285
254 277
254 271
254 269
254 319
254 267
254 288
254 262
254 286
254 280
254 261
254 300
254 266
254 260
254 268
254 258
254 274
296 319
296 300
296 322
287 291
287 319
287 288
287 300
287 322
287 296
235 243
235 245
235 241
235 270
235 249
235 252
235 246
235 255
235 244
235 263
235 238
235 273
235 242
235 291
235 247
235 257
235 253
235 265
235 285
235 236
235 248
235 277
235 237
235 271
235 239
235 269
235 319
235 267
235 288
235 262
235 286
235 250
235 240
235 280
235 261
235 300
235 266
235 251
235 260
235 268
235 258
235 274
235 254
235 322
235 296
235 287
282 291
282 285
282 319
282 288
282 286
282 300
282 322
282 296
282 287
289 291
289 319
289 300
289 322
289 296
295 319
295 300
295 322
295 296
275 291
275 285
275 277
275 319
275 288
275 286
275 280
275 300
275 322
275 296
275 287
275 282
275 289
275 295
276 291
276 285
276 277
276 319
276 288
276 286
276 280
276 300
276 322
276 296
276 287
276 282
276 289
276 295
276 343
294 319
294 300
294 322
294 296
294 295
294 343
303 319
303 322
303 343
298 319
298 300
298 322
298 343
298 303
318 319
318 322
318 343
256 270
256 263
256 273
256 291
256 257
256 265
256 285
256 277
256 271
256 269
256 319
256 267
256 288
256 262
256 286
256 280
256 261
256 300
256 266
256 260
256 268
256 258
256 274
256 322
256 296
256 287
256 282
256 289
256 295
256 275
256 343
256 276
256 294
256 303
256 298
256 318
281 291
281 285
281 319
281 288
281 286
281 300
281 322
281 296
281 287
281 282
281 289
281 295
281 343
281 294
281 303
281 298
281 318
290 291
290 319
290 300
290 322
290 296
290 295
290 343
290 294
290 303
290 298
290 318
279 291
279 285
279 319
279 288
279 286
279 280
279 300
279 322
279 296
279 287
279 282
279 289
279 295
279 343
279 294
279 303
279 298
279 318
279 281
279 290
264 270
264 273
264 291
264 265
264 285
264 277
264 271
264 269
264 319
264 267
264 288
264 286
264 280
264 300
264 266
264 268
264 274
264 322
264 296
264 287
264 282
264 289
264 295
264 275
264 343
264 276
264 294
264 303
264 298
264 318
264 281
264 290
264 279
331 343
339 343
311 319
311 322
311 343
311 318
311 331
311 339
284 291
284 285
284 319
284 288
284 286
284 300
284 322
284 296
284 287
284 289
284 295
284 343
284 294
284 303
284 298
284 318
284 290
284 331
284 339
284 311
304 319
304 322
304 343
304 318
304 331
304 339
304 311
272 273
272 291
272 285
272 277
272 319
272 288
272 286
272 280
272 300
272 274
272 322
272 296
272 287
272 282
272 289
272 295
272 275
272 343
272 276
272 294
272 303
272 298
272 318
272 281
272 290
272 279
272 331
272 339
272 311
272 284
272 304
305 319
305 322
305 343
305 318
305 331
305 339
305 311
305 368
306 319
306 322
306 343
306 318
306 331
306 339
306 311
306 368
323 343
323 331
323 339
323 368
324 343
324 331
324 339
324 368
283 291
283 285
283 319
283 288
283 286
283 300
283 322
283 296
283 287
283 289
283 295
283 343
283 294
283 303
283 298
283 318
283 290
283 331
283 339
283 311
283 284
283 304
283 368
283 305
283 306
283 323
283 324
354 368
299 319
299 300
299 322
299 343
299 303
299 318
299 331
299 339
299 311
299 304
299 368
299 305
299 306
299 323
299 324
299 354
293 319
293 300
293 322
293 296
293 295
293 343
293 294
293 303
293 298
293 318
293 331
293 339
293 311
293 304
293 368
293 305
293 306
293 323
293 324
293 354
293 299
344 368
344 354
278 291
278 285
278 319
278 288
278 286
278 280
278 300
278 322
278 296
278 287
278 282
278 289
278 295
278 343
278 294
278 303
278 298
278 318
278 281
278 290
278 279
278 331
278 339
278 311
278 284
278 304
278 368
278 305
278 306
278 323
278 324
278 283
278 354
278 299
278 293
278 344
327 343
327 331
327 339
327 368
327 354
327 344
297 319
297 300
297 322
297 343
297 303
297 298
297 318
297 331
297 339
297 311
297 304
297 368
297 305
297 306
297 323
297 324
297 354
297 299
297 344
297 327
334 343
334 339
334 368
334 354
334 344
367 368
312 319
312 322
312 343
312 318
312 331
312 339
312 368
312 323
312 324
312 354
312 344
312 327
312 334
312 367
328 343
328 331
328 339
328 368
328 354
328 344
328 334
328 367
308 319
308 322
308 343
308 318
308 331
308 339
308 311
308 368
308 323
308 324
308 354
308 344
308 327
308 334
308 367
308 312
308 328
325 343
325 331
325 339
325 368
325 354
325 344
325 327
325 334
325 367
325 328
359 368
359 367
320 322
320 343
320 331
320 339
320 368
320 323
320 324
320 354
320 344
320 327
320 334
320 367
320 328
320 325
320 359
316 319
316 322
316 343
316 318
316 331
316 339
316 368
316 323
316 324
316 354
316 344
316 327
316 334
316 367
316 328
316 325
316 359
316 320
342 343
342 368
342 354
342 344
342 367
342 359
301 319
301 322
301 343
301 303
301 318
301 331
301 339
301 311
301 304
301 368
301 305
301 306
301 323
301 324
301 354
301 344
301 327
301 334
301 367
301 312
301 328
301 308
301 325
301 359
301 320
301 316
301 342
313 319
313 322
313 343
313 318
313 331
313 339
313 368
313 323
313 324
313 354
313 344
313 327
313 334
313 367
313 328
313 325
313 359
313 320
313 316
313 342
361 368
361 367
352 368
352 354
352 367
352 359
352 361
309 319
309 322
309 343
309 318
309 331
309 339
309 311
309 368
309 323
309 324
309 354
309 344
309 327
309 334
309 367
309 312
309 328
309 325
309 359
309 320
309 316
309 342
309 313
309 361
309 352
259 270
259 263
259 273
259 291
259 265
259 285
259 277
259 271
259 269
259 319
259 267
259 288
259 262
259 286
259 280
259 261
259 300
259 266
259 260
259 268
259 274
259 322
259 296
259 287
259 282
259 289
259 295
259 275
259 343
259 276
259 294
259 303
259 298
259 318
259 281
259 290
259 279
259 264
259 331
259 339
259 311
259 284
259 304
259 272
259 368
259 305
259 306
259 323
259 324
259 283
259 354
259 299
259 293
259 344
259 278
259 327
259 297
259 334
259 367
259 312
259 328
259 308
259 325
259 359
259 320
259 316
259 342
259 301
259 313
259 361
259 352
259 309
317 319
317 322
317 343
317 318
317 331
317 339
317 368
317 323
317 324
317 354
317 344
317 327
317 334
317 367
317 328
317 325
317 359
317 320
317 342
317 361
317 352
329 343
329 331
329 339
329 368
329 354
329 344
329 334
329 367
329 359
329 342
329 361
329 352
357 368
357 367
357 359
357 361
347 368
347 354
347 367
347 359
347 361
347 352
347 357
362 368
362 367
362 369
310 319
310 322
310 343
310 318
310 331
310 339
310 311
310 368
310 323
310 324
310 354
310 344
310 327
310 334
310 367
310 312
310 328
310 325
310 359
310 320
310 316
310 342
310 313
310 361
310 352
310 317
310 329
310 357
310 347
310 369
310 362
335 343
335 339
335 368
335 354
335 344
335 367
335 359
335 342
335 361
335 352
335 357
335 347
335 369
335 362
348 368
348 354
348 367
348 359
348 361
348 352
348 357
348 369
348 362
314 319
314 322
314 343
314 318
314 331
314 339
314 368
314 323
314 324
314 354
314 344
314 327
314 334
314 367
314 328
314 325
314 359
314 320
314 316
314 342
314 361
314 352
314 317
314 329
314 357
314 347
314 369
314 362
314 335
314 348
345 368
345 354
345 367
345 359
345 361
345 352
345 357
345 347
345 369
345 362
345 348
345 371
307 319
307 322
307 343
307 318
307 331
307 339
307 311
307 368
307 323
307 324
307 354
307 344
307 327
307 334
307 367
307 312
307 328
307 308
307 325
307 359
307 320
307 316
307 342
307 313
307 361
307 352
307 309
307 317
307 329
307 357
307 347
307 369
307 362
307 310
307 335
307 348
307 314
307 371
307 345
370 371
302 319
302 322
302 343
302 303
302 318
302 331
302 339
302 311
302 304
302 368
302 305
302 306
302 323
302 324
302 354
302 344
302 327
302 334
302 367
302 312
302 328
302 308
302 325
302 359
302 320
302 316
302 342
302 313
302 361
302 352
302 309
302 317
302 329
302 357
302 347
302 369
302 362
302 310
302 335
302 348
302 314
302 371
302 345
302 307
302 370
338 343
338 339
338 368
338 354
338 344
338 367
338 359
338 342
338 361
338 352
338 357
338 347
338 369
338 362
338 348
338 371
338 345
338 370
338 392
332 343
332 339
332 368
332 354
332 344
332 334
332 367
332 359
332 342
332 361
332 352
332 357
332 347
332 369
332 362
332 335
332 348
332 371
332 345
332 370
332 392
332 338
384 392
350 368
350 354
350 367
350 359
350 361
350 352
350 357
350 369
350 362
350 371
350 370
350 392
350 384
374 392
374 384
366 368
366 367
366 369
366 371
366 370
366 392
366 384
366 374
337 343
337 339
337 368
337 354
337 344
337 367
337 359
337 342
337 361
337 352
337 357
337 347
337 369
337 362
337 348
337 371
337 345
337 370
337 392
337 338
337 384
337 350
337 374
337 366
333 343
333 339
333 368
333 354
333 344
333 334
333 367
333 359
333 342
333 361
333 352
333 357
333 347
333 369
333 362
333 335
333 348
333 371
333 345
333 370
333 392
333 338
333 384
333 350
333 374
333 366
333 337
315 319
315 322
315 343
315 318
315 331
315 339
315 368
315 323
315 324
315 354
315 344
315 327
315 334
315 367
315 328
315 325
315 359
315 320
315 316
315 342
315 361
315 352
315 317
315 329
315 357
315 347
315 369
315 362
315 335
315 348
315 371
315 345
315 370
315 392
315 338
315 332
315 384
315 350
315 374
315 366
315 337
315 333
336 343
336 339
336 368
336 354
336 344
336 367
336 359
336 342
336 361
336 352
336 357
336 347
336 369
336 362
336 348
336 371
336 345
336 370
336 392
336 338
336 384
336 350
336 374
336 366
336 337
381 392
381 384
355 368
355 367
355 359
355 361
355 357
355 369
355 362
355 371
355 370
355 392
355 384
355 374
355 366
355 381
372 392
372 384
372 374
372 381
353 368
353 354
353 367
353 359
353 361
353 357
353 369
353 362
353 371
353 370
353 392
353 384
353 374
353 366
353 381
353 355
353 372
292 319
292 300
292 322
292 296
292 295
292 343
292 294
292 303
292 298
292 318
292 331
292 339
292 311
292 304
292 368
292 305
292 306
292 323
292 324
292 354
292 299
292 293
292 344
292 327
292 297
292 334
292 367
292 312
292 328
292 308
292 325
292 359
292 320
292 316
292 342
292 301
292 313
292 361
292 352
292 309
292 317
292 329
292 357
292 347
292 369
292 362
292 310
292 335
292 348
292 314
292 371
292 345
292 307
292 370
292 302
292 392
292 338
292 332
292 384
292 350
292 374
292 366
292 337
292 333
292 315
292 336
292 381
292 355
292 372
292 353
363 368
363 367
363 369
363 371
363 370
363 392
363 384
363 374
363 366
363 381
363 372
321 322
321 343
321 331
321 339
321 368
321 323
321 324
321 354
321 344
321 327
321 334
321 367
321 328
321 325
321 359
321 342
321 361
321 352
321 329
321 357
321 347
321 369
321 362
321 335
321 348
321 371
321 345
321 370
321 392
321 338
321 332
321 384
321 350
321 374
321 366
321 337
321 333
321 336
321 381
321 355
321 372
321 353
321 363
346 368
346 354
346 367
346 359
346 361
346 352
346 357
346 347
346 369
346 362
346 348
346 371
346 370
346 392
346 384
346 350
346 374
346 366
346 381
346 355
346 372
346 353
346 363
387 392
387 400
351 368
351 354
351 367
351 359
351 361
351 352
351 357
351 369
351 362
351 371
351 370
351 392
351 384
351 374
351 366
351 381
351 355
351 372
351 353
351 363
351 400
351 387
385 392
385 400
385 387
399 400
399 406
393 400
393 406
393 399
393 434
398 400
398 406
398 399
398 434
330 343
330 331
330 339
330 368
330 354
330 344
330 334
330 367
330 359
330 342
330 361
330 352
330 357
330 347
330 369
330 362
330 335
330 348
330 371
330 345
330 370
330 392
330 338
330 332
330 384
330 350
330 374
330 366
330 337
330 333
330 336
330 381
330 355
330 372
330 353
330 363
330 346
330 400
330 387
330 351
330 385
330 406
330 399
330 434
330 393
330 398
326 343
326 331
326 339
326 368
326 354
326 344
326 327
326 334
326 367
326 328
326 359
326 342
326 361
326 352
326 329
326 357
326 347
326 369
326 362
326 335
326 348
326 371
326 345
326 370
326 392
326 338
326 332
326 384
326 350
326 374
326 366
326 337
326 333
326 336
326 381
326 355
326 372
326 353
326 363
326 346
326 400
326 387
326 351
326 385
326 406
326 399
326 434
326 393
326 398
326 330
432 434
380 392
380 384
380 381
380 400
380 387
380 385
380 406
380 399
380 434
380 393
380 398
380 432
356 368
356 367
356 359
356 361
356 357
356 369
356 362
356 371
356 370
356 392
356 384
356 374
356 366
356 381
356 372
356 363
356 400
356 387
356 385
356 406
356 399
356 434
356 393
356 398
356 432
356 380
360 368
360 367
360 361
360 369
360 362
360 371
360 370
360 392
360 384
360 374
360 366
360 381
360 372
360 363
360 400
360 387
360 385
360 406
360 399
360 434
360 393
360 398
360 432
360 380
379 392
379 384
379 381
379 400
379 387
379 385
379 406
379 399
379 434
379 393
379 398
379 432
379 380
395 400
395 406
395 399
395 434
395 398
395 432
401 406
401 434
401 432
375 392
375 384
375 381
375 400
375 387
375 385
375 406
375 399
375 434
375 393
375 398
375 432
375 380
375 379
375 395
375 401
358 368
358 367
358 359
358 361
358 369
358 362
358 371
358 370
358 392
358 384
358 374
358 366
358 381
358 372
358 363
358 400
358 387
358 385
358 406
358 399
358 434
358 393
358 398
358 432
358 380
358 360
358 379
358 395
358 401
358 375
388 392
388 400
388 406
388 399
388 434
388 393
388 398
388 432
388 395
388 401
364 368
364 367
364 369
364 371
364 370
364 392
364 384
364 374
364 366
364 381
364 372
364 400
364 387
364 385
364 406
364 399
364 434
364 393
364 398
364 432
364 380
364 379
364 395
364 401
364 375
364 388
386 392
386 400
386 387
386 406
386 399
386 434
386 393
386 398
386 432
386 395
386 401
386 388
419 434
419 432
425 434
425 432
422 434
422 432
422 425
349 368
349 354
349 367
349 359
349 361
349 352
349 357
349 369
349 362
349 371
349 370
349 392
349 384
349 350
349 374
349 366
349 381
349 355
349 372
349 353
349 363
349 400
349 387
349 351
349 385
349 406
349 399
349 434
349 393
349 398
349 432
349 380
349 356
349 360
349 379
349 395
349 401
349 375
349 358
349 388
349 364
349 386
349 419
349 425
349 422
377 392
377 384
377 381
377 400
377 387
377 385
377 406
377 399
377 434
377 393
377 398
377 432
377 380
377 379
377 395
377 401
377 388
377 386
377 419
377 425
377 422
340 343
340 368
340 354
340 344
340 367
340 359
340 342
340 361
340 352
340 357
340 347
340 369
340 362
340 348
340 371
340 345
340 370
340 392
340 384
340 350
340 374
340 366
340 381
340 355
340 372
340 353
340 363
340 346
340 400
340 387
340 351
340 385
340 406
340 399
340 434
340 393
340 398
340 432
340 380
340 356
340 360
340 379
340 395
340 401
340 375
340 358
340 388
340 364
340 386
340 419
340 425
340 422
340 349
340 377
421 434
421 432
421 425
421 422
415 434
415 432
415 419
415 425
415 422
415 421
417 434
417 432
417 419
417 425
417 422
417 421
405 406
405 434
405 432
405 419
405 425
405 422
405 421
405 415
405 417
378 392
378 384
378 381
378 400
378 387
378 385
378 406
378 399
378 434
378 393
378 398
378 432
378 380
378 379
378 395
378 401
378 388
378 386
378 419
378 425
378 422
378 421
378 415
378 417
378 405
424 434
424 432
424 425
418 434
418 432
418 419
418 425
418 422
418 421
418 424
394 400
394 406
394 399
394 434
394 398
394 432
394 395
394 401
394 419
394 425
394 422
394 421
394 415
394 417
394 405
394 424
394 418
382 392
382 384
382 400
382 387
382 385
382 406
382 399
382 434
382 393
382 398
382 432
382 395
382 401
382 388
382 386
382 419
382 425
382 422
382 421
382 415
382 417
382 405
382 424
382 418
382 394
390 392
390 400
390 406
390 399
390 434
390 393
390 398
390 432
390 395
390 401
390 419
390 425
390 422
390 421
390 415
390 417
390 405
390 424
390 418
390 394
427 434
427 432
373 392
373 384
373 374
373 381
373 400
373 387
373 385
373 406
373 399
373 434
373 393
373 398
373 432
373 380
373 379
373 395
373 401
373 375
373 388
373 386
373 419
373 425
373 422
373 377
373 421
373 415
373 417
373 405
373 378
373 424
373 418
373 394
373 382
373 390
373 427
373 438
409 434
409 432
409 419
409 425
409 422
409 421
409 415
409 417
409 424
409 418
409 427
409 438
412 434
412 432
412 419
412 425
412 422
412 421
412 415
412 417
412 424
412 418
412 427
412 438
416 434
416 432
416 419
416 425
416 422
416 421
416 417
416 424
416 418
416 427
416 438
391 392
391 400
391 406
391 399
391 434
391 393
391 398
391 432
391 395
391 401
391 419
391 425
391 422
391 421
391 415
391 417
391 405
391 424
391 418
391 394
391 427
391 438
391 409
391 412
391 416
402 406
402 434
402 432
402 419
402 425
402 422
402 421
402 415
402 417
402 405
402 424
402 418
402 427
402 438
402 409
402 412
402 416
376 392
376 384
376 381
376 400
376 387
376 385
376 406
376 399
376 434
376 393
376 398
376 432
376 380
376 379
376 395
376 401
376 388
376 386
376 419
376 425
376 422
376 377
376 421
376 415
376 417
376 405
376 378
376 424
376 418
376 394
376 382
376 390
376 427
376 438
376 409
376 412
376 416
376 391
376 402
414 434
414 432
414 419
414 425
414 422
414 421
414 415
414 417
414 424
414 418
414 427
414 438
414 416
365 368
365 367
365 369
365 371
365 370
365 392
365 384
365 374
365 366
365 381
365 372
365 400
365 387
365 385
365 406
365 399
365 434
365 393
365 398
365 432
365 380
365 379
365 395
365 401
365 375
365 388
365 386
365 419
365 425
365 422
365 377
365 421
365 415
365 417
365 405
365 378
365 424
365 418
365 394
365 382
365 390
365 427
365 438
365 373
365 409
365 412
365 416
365 391
365 402
365 376
365 414
431 434
431 432
431 438
403 406
403 434
403 432
403 419
403 425
403 422
403 421
403 415
403 417
403 405
403 424
403 418
403 427
403 438
403 409
403 412
403 416
403 414
403 431
428 434
428 432
428 438
428 431
423 434
423 432
423 425
423 424
423 427
423 438
423 431
423 428
437 438
433 434
433 438
433 437
413 434
413 432
413 419
413 425
413 422
413 421
413 415
413 417
413 424
413 418
413 427
413 438
413 416
413 414
413 431
413 428
413 423
413 437
413 433
341 343
341 368
341 354
341 344
341 367
341 359
341 342
341 361
341 352
341 357
341 347
341 369
341 362
341 348
341 371
341 345
341 370
341 392
341 384
341 350
341 374
341 366
341 381
341 355
341 372
341 353
341 363
341 346
341 400
341 387
341 351
341 385
341 406
341 399
341 434
341 393
341 398
341 432
341 380
341 356
341 360
341 379
341 395
341 401
341 375
341 358
341 388
341 364
341 386
341 419
341 425
341 422
341 349
341 377
341 421
341 415
341 417
341 405
341 378
341 424
341 418
341 394
341 382
341 390
341 427
341 438
341 373
341 409
341 412
341 416
341 391
341 402
341 376
341 414
341 365
341 431
341 403
341 428
341 423
341 437
341 433
341 413
341 493
439 493
397 400
397 406
397 399
397 434
397 398
397 432
397 401
397 419
397 425
397 422
397 421
397 415
397 417
397 405
397 424
397 418
397 427
397 438
397 409
397 412
397 416
397 402
397 414
397 431
397 403
397 428
397 423
397 437
397 433
397 413
397 493
397 439
389 392
389 400
389 406
389 399
389 434
389 393
389 398
389 432
389 395
389 401
389 419
389 425
389 422
389 421
389 415
389 417
389 405
389 424
389 418
389 394
389 390
389 427
389 438
389 409
389 412
389 416
389 391
389 402
389 414
389 431
389 403
389 428
389 423
389 437
389 433
389 413
389 493
389 439
389 397
420 434
420 432
420 425
420 422
420 421
420 424
420 427
420 438
420 431
420 428
420 423
420 437
420 433
420 493
420 439
456 493
396 400
396 406
396 399
396 434
396 398
396 432
396 401
396 419
396 425
396 422
396 421
396 415
396 417
396 405
396 424
396 418
396 427
396 438
396 409
396 412
396 416
396 402
396 414
396 431
396 403
396 428
396 423
396 437
396 433
396 413
396 493
396 439
396 397
396 420
396 456
457 493
429 434
429 432
429 438
429 431
429 437
429 433
429 493
429 439
429 456
429 457
383 392
383 384
383 400
383 387
383 385
383 406
383 399
383 434
383 393
383 398
383 432
383 395
383 401
383 388
383 386
383 419
383 425
383 422
383 421
383 415
383 417
383 405
383 424
383 418
383 394
383 390
383 427
383 438
383 409
383 412
383 416
383 391
383 402
383 414
383 431
383 403
383 428
383 423
383 437
383 433
383 413
383 493
383 439
383 397
383 389
383 420
383 456
383 396
383 457
383 429
443 493
443 456
443 457
463 493
454 493
454 456
454 457
454 463
452 493
452 456
452 457
452 463
452 454
410 434
410 432
410 419
410 425
410 422
410 421
410 415
410 417
410 424
410 418
410 427
410 438
410 412
410 416
410 414
410 431
410 428
410 423
410 437
410 433
410 413
410 493
410 439
410 420
410 456
410 457
410 429
410 443
410 463
410 454
410 452
410 505
404 406
404 434
404 432
404 419
404 425
404 422
404 421
404 415
404 417
404 405
404 424
404 418
404 427
404 438
404 409
404 412
404 416
404 414
404 431
404 428
404 423
404 437
404 433
404 413
404 493
404 439
404 420
404 456
404 457
404 429
404 443
404 463
404 454
404 452
404 505
404 410
448 493
448 456
448 457
448 463
448 454
448 452
448 505
407 434
407 432
407 419
407 425
407 422
407 421
407 415
407 417
407 424
407 418
407 427
407 438
407 409
407 412
407 416
407 414
407 431
407 428
407 423
407 437
407 433
407 413
407 493
407 439
407 420
407 456
407 457
407 429
407 443
407 463
407 454
407 452
407 505
407 410
407 448
408 434
408 432
408 419
408 425
408 422
408 421
408 415
408 417
408 424
408 418
408 427
408 438
408 409
408 412
408 416
408 414
408 431
408 428
408 423
408 437
408 433
408 413
408 493
408 439
408 420
408 456
408 457
408 429
408 443
408 463
408 454
408 452
408 505
408 410
408 448
450 493
450 456
450 457
450 463
450 454
450 452
450 505
455 493
455 456
455 457
455 463
455 505
447 493
447 456
447 457
447 463
447 454
447 452
447 505
447 448
447 450
447 455
447 510
436 438
436 437
436 493
436 439
436 456
436 457
436 443
436 463
436 454
436 452
436 505
436 448
436 450
436 455
436 510
436 447
459 493
459 463
459 505
459 510
444 493
444 456
444 457
444 463
444 454
444 452
444 505
444 448
444 450
444 455
444 510
444 447
444 459
440 493
440 456
440 457
440 443
440 463
440 454
440 452
440 505
440 448
440 450
440 455
440 510
440 447
440 459
440 444
435 438
435 437
435 493
435 439
435 456
435 457
435 443
435 463
435 454
435 452
435 505
435 448
435 450
435 455
435 510
435 447
435 436
435 459
435 444
435 440
446 493
446 456
446 457
446 463
446 454
446 452
446 505
446 448
446 450
446 455
446 510
446 447
446 459
471 493
471 505
471 510
462 493
462 463
462 505
462 510
462 471
442 493
442 456
442 457
442 443
442 463
442 454
442 452
442 505
442 448
442 450
442 455
442 510
442 447
442 459
442 444
442 446
442 471
442 462
453 493
453 456
453 457
453 463
453 454
453 505
453 455
453 510
453 459
453 471
453 462
411 434
411 432
411 419
411 425
411 422
411 421
411 415
411 417
411 424
411 418
411 427
411 438
411 412
411 416
411 414
411 431
411 428
411 423
411 437
411 433
411 413
411 493
411 439
411 420
411 456
411 457
411 429
411 443
411 463
411 454
411 452
411 505
411 448
411 450
411 455
411 510
411 447
411 436
411 459
411 444
411 440
411 435
411 446
411 471
411 462
411 442
411 453
474 493
474 505
474 510
460 493
460 463
460 505
460 510
460 471
460 462
460 474
491 493
491 505
491 510
464 493
464 505
464 510
464 471
464 474
464 491
426 434
426 432
426 427
426 438
426 431
426 428
426 437
426 433
426 493
426 439
426 456
426 457
426 429
426 443
426 463
426 454
426 452
426 505
426 448
426 450
426 455
426 510
426 447
426 436
426 459
426 444
426 440
426 435
426 446
426 471
426 462
426 442
426 453
426 474
426 460
426 491
426 464
426 513
487 493
487 505
487 510
487 491
487 513
472 493
472 505
472 510
472 474
472 491
472 513
472 487
458 493
458 463
458 505
458 510
458 459
458 471
458 462
458 474
458 460
458 491
458 464
458 513
458 487
458 472
461 493
461 463
461 505
461 510
461 471
461 462
461 474
461 491
461 464
461 513
461 487
461 472
484 493
484 505
484 510
484 491
484 513
484 487
441 493
441 456
441 457
441 443
441 463
441 454
441 452
441 505
441 448
441 450
441 455
441 510
441 447
441 459
441 444
441 446
441 471
441 462
441 442
441 453
441 474
441 460
441 491
441 464
441 513
441 487
441 472
441 458
441 461
441 484
481 493
481 505
481 510
481 491
481 513
481 487
481 484
470 493
470 505
470 510
470 471
470 474
470 491
470 513
470 487
470 472
470 484
470 481
430 434
430 432
430 438
430 431
430 437
430 433
430 493
430 439
430 456
430 457
430 443
430 463
430 454
430 452
430 505
430 448
430 450
430 455
430 510
430 447
430 436
430 459
430 444
430 440
430 435
430 446
430 471
430 462
430 442
430 453
430 474
430 460
430 491
430 464
430 513
430 487
430 472
430 458
430 461
430 484
430 441
430 481
430 470
467 493
467 505
467 510
467 471
467 474
467 491
467 513
467 487
467 472
467 484
467 481
467 470
445 493
445 456
445 457
445 463
445 454
445 452
445 505
445 448
445 450
445 455
445 510
445 447
445 459
445 446
445 471
445 462
445 453
445 474
445 460
445 491
445 464
445 513
445 487
445 472
445 458
445 461
445 484
445 481
445 470
445 467
469 493
469 505
469 510
469 471
469 474
469 491
469 513
469 487
469 472
469 484
469 481
469 470
483 493
483 505
483 510
483 491
483 513
483 487
483 484
477 493
477 505
477 510
477 491
477 513
477 487
477 484
477 481
477 483
478 493
478 505
478 510
478 491
478 513
478 487
478 484
478 481
478 483
468 493
468 505
468 510
468 471
468 474
468 491
468 513
468 487
468 472
468 484
468 481
468 470
468 469
468 483
468 477
468 478
468 521
502 505
502 510
502 513
502 521
475 493
475 505
475 510
475 491
475 513
475 487
475 484
475 481
475 483
475 477
475 478
475 521
475 502
451 493
451 456
451 457
451 463
451 454
451 452
451 505
451 455
451 510
451 459
451 471
451 462
451 453
451 474
451 460
451 491
451 464
451 513
451 487
451 472
451 458
451 461
451 484
451 481
451 470
451 467
451 469
451 483
451 477
451 478
451 521
451 468
451 502
451 475
479 493
479 505
479 510
479 491
479 513
479 487
479 484
479 481
479 483
479 521
479 502
506 510
506 513
506 521
501 505
501 510
501 513
501 521
501 502
501 506
515 521
515 528
489 493
489 505
489 510
489 491
489 513
489 521
489 502
489 506
489 501
489 528
489 515
465 493
465 505
465 510
465 471
465 474
465 491
465 513
465 487
465 472
465 484
465 481
465 470
465 467
465 469
465 483
465 477
465 478
465 521
465 468
465 502
465 475
465 479
465 506
465 501
465 528
465 515
465 489
492 493
492 505
492 510
492 513
492 521
492 502
492 506
492 501
492 528
492 515
449 493
449 456
449 457
449 463
449 454
449 452
449 505
449 450
449 455
449 510
449 459
449 471
449 462
449 453
449 474
449 460
449 491
449 464
449 513
449 487
449 472
449 458
449 461
449 484
449 481
449 470
449 467
449 469
449 483
449 477
449 478
449 521
449 468
449 502
449 475
449 451
449 479
449 506
449 501
449 528
449 515
449 489
449 465
449 492
485 493
485 505
485 510
485 491
485 513
485 487
485 521
485 502
485 506
485 501
485 528
485 515
485 489
485 492
486 493
486 505
486 510
486 491
486 513
486 487
486 521
486 502
486 506
486 501
486 528
486 515
486 489
486 492
466 493
466 505
466 510
466 471
466 474
466 491
466 513
466 487
466 472
466 484
466 481
466 470
466 467
466 469
466 483
466 477
466 478
466 521
466 468
466 502
466 475
466 479
466 506
466 501
466 528
466 515
466 489
466 492
466 485
466 486
466 543
511 513
511 521
511 528
511 515
511 543
498 505
498 510
498 513
498 521
498 502
498 506
498 501
498 528
498 515
498 543
498 511
476 493
476 505
476 510
476 491
476 513
476 487
476 484
476 481
476 483
476 477
476 478
476 521
476 502
476 479
476 506
476 501
476 528
476 515
476 489
476 492
476 485
476 486
476 543
476 511
476 498
490 493
490 505
490 510
490 491
490 513
490 521
490 502
490 506
490 501
490 528
490 515
490 492
490 543
490 511
490 498
539 543
495 505
495 510
495 513
495 521
495 502
495 506
495 501
495 528
495 515
495 543
495 511
495 498
495 539
499 505
499 510
499 513
499 521
499 502
499 506
499 501
499 528
499 515
499 543
499 511
499 539
488 493
488 505
488 510
488 491
488 513
488 521
488 502
488 506
488 501
488 528
488 515
488 489
488 492
488 543
488 511
488 498
488 490
488 539
488 495
488 499
488 545
507 510
507 513
507 521
507 528
507 515
507 543
507 511
507 539
507 545
497 505
497 510
497 513
497 521
497 502
497 506
497 501
497 528
497 515
497 543
497 511
497 498
497 539
497 499
497 545
497 507
526 528
526 543
526 539
526 545
516 521
516 528
516 543
516 539
516 545
516 526
519 521
519 528
519 543
519 539
519 545
519 526
519 561
473 493
473 505
473 510
473 474
473 491
473 513
473 487
473 484
473 481
473 483
473 477
473 478
473 521
473 502
473 475
473 479
473 506
473 501
473 528
473 515
473 489
473 492
473 485
473 486
473 543
473 511
473 498
473 476
473 490
473 539
473 495
473 499
473 545
473 488
473 507
473 497
473 526
473 516
473 561
473 519
509 510
509 513
509 521
509 528
509 515
509 543
509 511
509 539
509 545
509 526
509 516
509 561
509 519
551 561
557 561
514 521
514 528
514 515
514 543
514 539
514 545
514 526
514 516
514 561
514 519
514 551
514 557
482 493
482 505
482 510
482 491
482 513
482 487
482 484
482 483
482 521
482 502
482 506
482 501
482 528
482 515
482 489
482 492
482 485
482 486
482 543
482 511
482 498
482 490
482 539
482 495
482 499
482 545
482 488
482 507
482 497
482 526
482 516
482 561
482 519
482 509
482 551
482 557
482 514
482 562
517 521
517 528
517 543
517 539
517 545
517 526
517 561
517 519
517 551
517 557
517 562
512 513
512 521
512 528
512 515
512 543
512 539
512 545
512 526
512 516
512 561
512 519
512 551
512 557
512 514
512 562
512 517
538 543
538 539
538 545
538 561
538 551
538 557
538 562
540 543
540 545
540 561
540 551
540 557
540 562
480 493
480 505
480 510
480 491
480 513
480 487
480 484
480 481
480 483
480 521
480 502
480 506
480 501
480 528
480 515
480 489
480 492
480 485
480 486
480 543
480 511
480 498
480 490
480 539
480 495
480 499
480 545
480 488
480 507
480 497
480 526
480 516
480 561
480 519
480 509
480 551
480 557
480 514
480 562
480 482
480 517
480 512
480 538
480 540
520 521
520 528
520 543
520 539
520 545
520 526
520 561
520 551
520 557
520 562
520 538
520 540
508 510
508 513
508 521
508 528
508 515
508 543
508 511
508 539
508 545
508 526
508 516
508 561
508 519
508 509
508 551
508 557
508 514
508 562
508 517
508 512
508 538
508 540
508 520
537 543
537 539
537 545
537 561
537 551
537 557
537 562
537 538
537 540
527 528
527 543
527 539
527 545
527 561
527 551
527 557
527 562
527 538
527 540
527 537
504 505
504 510
504 513
504 521
504 506
504 528
504 515
504 543
504 511
504 539
504 545
504 507
504 526
504 516
504 561
504 519
504 509
504 551
504 557
504 514
504 562
504 517
504 512
504 538
504 540
504 520
504 508
504 537
504 527
500 505
500 510
500 513
500 521
500 502
500 506
500 501
500 528
500 515
500 543
500 511
500 539
500 545
500 507
500 526
500 516
500 561
500 519
500 509
500 551
500 557
500 514
500 562
500 517
500 512
500 538
500 540
500 520
500 508
500 537
500 527
500 504
535 543
535 539
535 545
535 561
535 551
535 557
535 562
535 538
535 540
535 537
518 521
518 528
518 543
518 539
518 545
518 526
518 561
518 519
518 551
518 557
518 562
518 538
518 540
518 520
518 537
518 527
518 535
522 528
522 543
522 539
522 545
522 526
522 561
522 551
522 557
522 562
522 538
522 540
522 537
522 527
522 535
525 528
525 543
525 539
525 545
525 526
525 561
525 551
525 557
525 562
525 538
525 540
525 537
525 527
525 535
544 545
544 561
544 551
544 557
544 562
496 505
496 510
496 513
496 521
496 502
496 506
496 501
496 528
496 515
496 543
496 511
496 498
496 539
496 499
496 545
496 507
496 497
496 526
496 516
496 561
496 519
496 509
496 551
496 557
496 514
496 562
496 517
496 512
496 538
496 540
496 520
496 508
496 537
496 527
496 504
496 500
496 535
496 518
496 522
496 525
496 544
496 575
533 543
533 539
533 545
533 561
533 551
533 557
533 562
533 538
533 540
533 537
533 535
533 544
533 575
546 561
546 551
546 557
546 562
546 575
532 543
532 539
532 545
532 561
532 551
532 557
532 562
532 538
532 540
532 537
532 535
532 544
532 575
532 533
532 546
503 505
503 510
503 513
503 521
503 506
503 528
503 515
503 543
503 511
503 539
503 545
503 507
503 526
503 516
503 561
503 519
503 509
503 551
503 557
503 514
503 562
503 517
503 512
503 538
503 540
503 520
503 508
503 537
503 527
503 504
503 535
503 518
503 522
503 525
503 544
503 575
503 533
503 546
503 532
524 528
524 543
524 539
524 545
524 526
524 561
524 551
524 557
524 562
524 538
524 540
524 537
524 527
524 535
524 525
524 544
524 575
524 533
524 546
524 532
548 561
548 551
548 557
548 562
548 575
547 561
547 551
547 557
547 562
547 575
547 548
531 543
531 539
531 545
531 561
531 551
531 557
531 562
531 538
531 540
531 537
531 535
531 544
531 575
531 533
531 546
531 532
531 548
531 547
536 543
536 539
536 545
536 561
536 551
536 557
536 562
536 538
536 540
536 537
536 544
536 575
536 546
536 548
536 547
534 543
534 539
534 545
534 561
534 551
534 557
534 562
534 538
534 540
534 537
534 535
534 544
534 575
534 546
534 548
534 547
534 536
530 543
530 539
530 545
530 561
530 551
530 557
530 562
530 538
530 540
530 537
530 535
530 544
530 575
530 533
530 546
530 532
530 548
530 547
530 531
530 536
530 534
530 603
583 603
556 561
556 557
556 562
556 575
556 603
556 583
494 505
494 510
494 513
494 521
494 502
494 506
494 501
494 528
494 515
494 543
494 511
494 498
494 539
494 495
494 499
494 545
494 507
494 497
494 526
494 516
494 561
494 519
494 509
494 551
494 557
494 514
494 562
494 517
494 512
494 538
494 540
494 520
494 508
494 537
494 527
494 504
494 500
494 535
494 518
494 522
494 525
494 544
494 575
494 496
494 533
494 546
494 532
494 503
494 524
494 548
494 547
494 531
494 536
494 534
494 603
494 530
494 583
494 556
550 561
550 551
550 557
550 562
550 575
550 603
550 583
550 556
529 543
529 539
529 545
529 561
529 551
529 557
529 562
529 538
529 540
529 537
529 535
529 544
529 575
529 533
529 546
529 532
529 548
529 547
529 531
529 536
529 534
529 603
529 530
529 583
529 556
529 550
595 603
567 575
567 603
567 583
567 595
555 561
555 557
555 562
555 575
555 603
555 583
555 556
555 595
555 567
593 603
593 595
581 603
581 583
581 595
581 593
594 603
594 595
566 575
566 603
566 583
566 595
566 567
566 593
566 581
566 594
541 543
541 545
541 561
541 551
541 557
541 562
541 544
541 575
541 546
541 548
541 547
541 603
541 583
541 556
541 550
541 595
541 567
541 555
541 593
541 581
541 594
541 566
577 603
577 583
577 595
577 593
577 581
577 594
591 603
591 595
591 593
591 594
569 575
569 603
569 583
569 595
569 593
569 581
569 594
569 577
569 591
554 561
554 557
554 562
554 575
554 603
554 583
554 556
554 595
554 567
554 555
554 593
554 581
554 594
554 566
554 577
554 591
554 569
558 561
558 562
558 575
558 603
558 583
558 595
558 567
558 593
558 581
558 594
558 566
558 577
558 591
558 569
565 575
565 603
565 583
565 595
565 567
565 593
565 581
565 594
565 566
565 577
565 591
565 569
552 561
552 557
552 562
552 575
552 603
552 583
552 556
552 595
552 567
552 555
552 593
552 581
552 594
552 566
552 577
552 591
552 569
552 554
552 558
552 565
584 603
584 595
584 593
584 594
584 591
542 543
542 545
542 561
542 551
542 557
542 562
542 544
542 575
542 546
542 548
542 547
542 603
542 583
542 556
542 550
542 595
542 567
542 555
542 593
542 581
542 594
542 566
542 577
542 591
542 569
542 554
542 558
542 565
542 552
542 584
564 575
564 603
564 583
564 595
564 567
564 593
564 581
564 594
564 566
564 577
564 591
564 569
564 565
564 584
574 575
574 603
574 583
574 595
574 593
574 581
574 594
574 577
574 591
574 584
563 575
563 603
563 583
563 595
563 567
563 593
563 581
563 594
563 566
563 577
563 591
563 569
563 565
563 584
563 564
563 574
588 603
588 595
588 593
588 594
588 591
582 603
582 583
582 595
582 593
582 594
582 591
582 584
582 588
560 561
560 562
560 575
560 603
560 583
560 595
560 567
560 593
560 581
560 594
560 566
560 577
560 591
560 569
560 565
560 584
560 564
560 574
560 563
560 588
560 582
549 561
549 551
549 557
549 562
549 575
549 603
549 583
549 556
549 550
549 595
549 567
549 555
549 593
549 581
549 594
549 566
549 577
549 591
549 569
549 554
549 558
549 565
549 552
549 584
549 564
549 574
549 563
549 588
549 582
549 560
573 575
573 603
573 583
573 595
573 593
573 581
573 594
573 577
573 591
573 584
573 574
573 588
573 582
559 561
559 562
559 575
559 603
559 583
559 595
559 567
559 593
559 581
559 594
559 566
559 577
559 591
559 569
559 565
559 584
559 564
559 574
559 563
559 588
559 582
559 560
559 573
616 620
579 603
579 583
579 595
579 593
579 581
579 594
579 591
579 584
579 588
579 582
579 620
579 616
589 603
589 595
589 593
589 594
589 591
589 620
589 616
572 575
572 603
572 583
572 595
572 593
572 581
572 594
572 577
572 591
572 584
572 574
572 588
572 582
572 573
572 620
572 616
572 579
572 589
568 575
568 603
568 583
568 595
568 593
568 581
568 594
568 577
568 591
568 569
568 584
568 574
568 588
568 582
568 573
568 620
568 616
568 579
568 589
568 572
553 561
553 557
553 562
553 575
553 603
553 583
553 556
553 595
553 567
553 555
553 593
553 581
553 594
553 566
553 577
553 591
553 569
553 554
553 558
553 565
553 584
553 564
553 574
553 563
553 588
553 582
553 560
553 573
553 559
553 620
553 616
553 579
553 589
553 572
553 568
587 603
587 595
587 593
587 594
587 591
587 588
587 620
587 616
587 589
609 620
609 616
608 620
608 616
608 609
578 603
578 583
578 595
578 593
578 581
578 594
578 591
578 584
578 588
578 582
578 620
578 616
578 579
578 589
578 587
578 609
578 608
586 603
586 595
586 593
586 594
586 591
586 588
586 620
586 616
586 589
586 587
586 609
586 608
610 620
610 616
598 603
598 620
598 616
598 609
598 608
598 610
619 620
614 620
614 616
614 619
571 575
571 603
571 583
571 595
571 593
571 581
571 594
571 577
571 591
571 584
571 574
571 588
571 582
571 573
571 620
571 616
571 579
571 589
571 572
571 587
571 609
571 608
571 578
571 586
571 610
571 598
571 619
571 614
570 575
570 603
570 583
570 595
570 593
570 581
570 594
570 577
570 591
570 584
570 574
570 588
570 582
570 573
570 620
570 616
570 579
570 589
570 572
570 587
570 609
570 608
570 578
570 586
570 610
570 598
570 619
570 614
570 571
592 603
592 595
592 593
592 594
592 620
592 616
592 609
592 608
592 610
592 598
592 619
592 614
597 603
597 620
597 616
597 609
597 608
597 610
597 598
597 619
597 614
597 654
576 603
576 583
576 595
576 593
576 581
576 594
576 577
576 591
576 584
576 588
576 582
576 620
576 616
576 579
576 589
576 587
576 609
576 608
576 578
576 586
576 610
576 598
576 619
576 614
576 592
576 654
576 597
601 603
601 620
601 616
601 609
601 608
601 610
601 619
601 614
601 654
613 620
613 616
613 619
613 614
613 654
596 603
596 620
596 616
596 609
596 608
596 610
596 598
596 619
596 614
596 654
596 597
596 601
596 613
523 528
523 543
523 539
523 545
523 526
523 561
523 551
523 557
523 562
523 538
523 540
523 537
523 527
523 535
523 525
523 544
523 575
523 533
523 546
523 532
523 524
523 548
523 547
523 531
523 536
523 534
523 603
523 530
523 583
523 556
523 550
523 529
523 595
523 567
523 555
523 593
523 581
523 594
523 566
523 541
523 577
523 591
523 569
523 554
523 558
523 565
523 552
523 584
523 542
523 564
523 574
523 563
523 588
523 582
523 560
523 549
523 573
523 559
523 620
523 616
523 579
523 589
523 572
523 568
523 553
523 587
523 609
523 608
523 578
523 586
523 610
523 598
523 619
523 614
523 571
523 570
523 592
523 654
523 597
523 576
523 601
523 613
523 596
600 603
600 620
600 616
600 609
600 608
600 610
600 619
600 614
600 654
600 601
600 613
625 654
585 603
585 595
585 593
585 594
585 591
585 588
585 620
585 616
585 589
585 587
585 609
585 608
585 586
585 610
585 598
585 619
585 614
585 592
585 654
585 597
585 601
585 613
585 596
585 600
585 625
612 620
612 616
612 619
612 614
612 654
612 613
612 625
630 654
627 654
627 630
580 603
580 583
580 595
580 593
580 581
580 594
580 591
580 584
580 588
580 582
580 620
580 616
580 589
580 587
580 609
580 608
580 586
580 610
580 598
580 619
580 614
580 592
580 654
580 597
580 601
580 613
580 596
580 600
580 625
580 585
580 612
580 630
580 627
580 682
607 620
607 616
607 609
607 608
607 610
607 619
607 614
607 654
607 613
607 625
607 612
607 630
607 627
607 682
647 654
647 682
632 654
632 682
632 647
602 603
602 620
602 616
602 609
602 608
602 610
602 619
602 614
602 654
602 613
602 625
602 612
602 630
602 627
602 682
602 607
602 647
602 632
622 654
622 625
622 630
622 627
622 682
622 647
622 632
606 620
606 616
606 609
606 608
606 610
606 619
606 614
606 654
606 613
606 625
606 612
606 630
606 627
606 682
606 607
606 647
606 632
606 622
646 654
646 682
646 647
659 682
674 682
637 654
637 682
637 647
637 646
637 659
637 674
639 654
639 682
639 647
639 646
639 659
639 674
638 654
638 682
638 647
638 646
638 659
638 674
638 639
615 620
615 616
615 619
615 654
615 625
615 630
615 627
615 682
615 647
615 632
615 622
615 646
615 659
615 674
615 637
615 639
615 638
615 689
599 603
599 620
599 616
599 609
599 608
599 610
599 619
599 614
599 654
599 601
599 613
599 600
599 625
599 612
599 630
599 627
599 682
599 607
599 647
599 632
599 602
599 622
599 606
599 646
599 659
599 674
599 637
599 639
599 638
599 689
599 615
629 654
629 630
629 682
629 647
629 632
629 646
629 659
629 674
629 637
629 639
629 638
629 689
624 654
624 625
624 630
624 627
624 682
624 647
624 632
624 646
624 659
624 674
624 637
624 639
624 638
624 689
624 629
641 654
641 682
641 647
641 646
641 659
641 674
641 689
643 654
643 682
643 647
643 646
643 659
643 674
643 689
617 620
617 619
617 654
617 625
617 630
617 627
617 682
617 647
617 632
617 622
617 646
617 659
617 674
617 637
617 639
617 638
617 689
617 629
617 624
617 641
617 643
618 620
618 619
618 654
618 625
618 630
618 627
618 682
618 647
618 632
618 622
618 646
618 659
618 674
618 637
618 639
618 638
618 689
618 629
618 624
618 641
618 643
621 654
621 625
621 630
621 627
621 682
621 647
621 632
621 622
621 646
621 659
621 674
621 637
621 639
621 638
621 689
621 629
621 624
621 641
621 643
653 654
653 682
653 659
653 674
653 689
645 654
645 682
645 647
645 646
645 659
645 674
645 689
645 653
626 654
626 630
626 627
626 682
626 647
626 632
626 646
626 659
626 674
626 637
626 639
626 638
626 689
626 629
626 641
626 643
626 653
626 645
628 654
628 630
628 682
628 647
628 632
628 646
628 659
628 674
628 637
628 639
628 638
628 689
628 629
628 641
628 643
628 653
628 645
650 654
650 682
650 659
650 674
650 689
650 653
648 654
648 682
648 659
648 674
648 689
648 653
648 650
660 682
660 674
660 689
605 620
605 616
605 609
605 608
605 610
605 619
605 614
605 654
605 613
605 625
605 612
605 630
605 627
605 682
605 607
605 647
605 632
605 622
605 606
605 646
605 659
605 674
605 637
605 639
605 638
605 689
605 615
605 629
605 624
605 641
605 643
605 617
605 618
605 621
605 653
605 645
605 626
605 628
605 650
605 648
605 660
611 620
611 616
611 619
611 614
611 654
611 613
611 625
611 612
611 630
611 627
611 682
611 647
611 632
611 622
611 646
611 659
611 674
611 637
611 639
611 638
611 689
611 615
611 629
611 624
611 641
611 643
611 617
611 618
611 621
611 653
611 645
611 626
611 628
611 650
611 648
611 660
652 654
652 682
652 659
652 674
652 689
652 653
652 660
670 682
670 674
670 689
631 654
631 682
631 647
631 632
631 646
631 659
631 674
631 637
631 639
631 638
631 689
631 641
631 643
631 653
631 645
631 650
631 648
631 660
631 652
631 670
680 682
680 689
655 682
655 659
655 674
655 689
655 660
655 670
655 680
661 682
661 674
661 689
661 670
661 680
604 620
604 616
604 609
604 608
604 610
604 619
604 614
604 654
604 613
604 625
604 612
604 630
604 627
604 682
604 607
604 647
604 632
604 622
604 606
604 646
604 659
604 674
604 637
604 639
604 638
604 689
604 615
604 629
604 624
604 641
604 643
604 617
604 618
604 621
604 653
604 645
604 626
604 628
604 650
604 648
604 660
604 605
604 611
604 652
604 670
604 631
604 680
604 655
604 661
666 682
666 674
666 689
666 670
666 680
690 699
590 603
590 595
590 593
590 594
590 591
590 620
590 616
590 609
590 608
590 610
590 598
590 619
590 614
590 592
590 654
590 597
590 601
590 613
590 596
590 600
590 625
590 612
590 630
590 627
590 682
590 607
590 647
590 632
590 602
590 622
590 606
590 646
590 659
590 674
590 637
590 639
590 638
590 689
590 615
590 599
590 629
590 624
590 641
590 643
590 617
590 618
590 621
590 653
590 645
590 626
590 628
590 650
590 648
590 660
590 605
590 611
590 652
590 670
590 631
590 680
590 655
590 661
590 604
590 666
590 699
590 690
651 654
651 682
651 659
651 674
651 689
651 653
651 660
651 652
651 670
651 680
651 655
651 661
651 666
651 699
651 690
676 682
676 689
676 680
676 699
676 690
640 654
640 682
640 647
640 646
640 659
640 674
640 689
640 641
640 643
640 653
640 645
640 650
640 648
640 660
640 652
640 670
640 680
640 655
640 661
640 666
640 699
640 690
640 651
640 676
663 682
663 674
663 689
663 670
663 680
663 666
663 699
663 690
663 676
649 654
649 682
649 659
649 674
649 689
649 653
649 650
649 660
649 652
649 670
649 680
649 655
649 661
649 666
649 699
649 690
649 651
649 676
649 663
698 699
686 689
686 699
686 690
686 698
673 682
673 674
673 689
673 680
673 699
673 690
673 676
673 698
673 686
677 682
677 689
677 680
677 699
677 690
677 698
677 686
634 654
634 682
634 647
634 646
634 659
634 674
634 637
634 639
634 638
634 689
634 641
634 643
634 653
634 645
634 650
634 648
634 660
634 652
634 670
634 680
634 655
634 661
634 666
634 699
634 690
634 651
634 676
634 640
634 663
634 649
634 698
634 686
634 673
634 677
656 682
656 659
656 674
656 689
656 660
656 670
656 680
656 661
656 666
656 699
656 690
656 676
656 663
656 698
656 686
656 673
656 677
635 654
635 682
635 647
635 646
635 659
635 674
635 637
635 639
635 638
635 689
635 641
635 643
635 653
635 645
635 650
635 648
635 660
635 652
635 670
635 680
635 655
635 661
635 666
635 699
635 690
635 651
635 676
635 640
635 663
635 649
635 698
635 686
635 673
635 677
635 656
688 689
688 699
688 690
688 698
633 654
633 682
633 647
633 646
633 659
633 674
633 637
633 639
633 638
633 689
633 641
633 643
633 653
633 645
633 650
633 648
633 660
633 652
633 670
633 680
633 655
633 661
633 666
633 699
633 690
633 651
633 676
633 640
633 663
633 649
633 698
633 686
633 673
633 677
633 634
633 656
633 635
633 688
623 654
623 625
623 630
623 627
623 682
623 647
623 632
623 646
623 659
623 674
623 637
623 639
623 638
623 689
623 629
623 624
623 641
623 643
623 653
623 645
623 626
623 628
623 650
623 648
623 660
623 652
623 670
623 631
623 680
623 655
623 661
623 666
623 699
623 690
623 651
623 676
623 640
623 663
623 649
623 698
623 686
623 673
623 677
623 634
623 656
623 635
623 688
623 633
642 654
642 682
642 647
642 646
642 659
642 674
642 689
642 643
642 653
642 645
642 650
642 648
642 660
642 652
642 670
642 680
642 655
642 661
642 666
642 699
642 690
642 651
642 676
642 663
642 649
642 698
642 686
642 673
642 677
642 656
642 688
658 682
658 659
658 674
658 689
658 660
658 670
658 680
658 661
658 666
658 699
658 690
658 676
658 663
658 698
658 686
658 673
658 677
658 688
658 707
636 654
636 682
636 647
636 646
636 659
636 674
636 637
636 639
636 638
636 689
636 641
636 643
636 653
636 645
636 650
636 648
636 660
636 652
636 670
636 680
636 655
636 661
636 666
636 699
636 690
636 651
636 676
636 640
636 663
636 649
636 698
636 686
636 673
636 677
636 656
636 688
636 642
636 707
636 658
703 707
657 682
657 659
657 674
657 689
657 660
657 670
657 680
657 661
657 666
657 699
657 690
657 676
657 663
657 698
657 686
657 673
657 677
657 688
657 707
657 658
657 703
662 682
662 674
662 689
662 670
662 680
662 666
662 699
662 690
662 676
662 663
662 698
662 686
662 673
662 677
662 688
662 707
662 703
685 689
685 699
685 690
685 698
685 686
685 688
685 707
685 703
704 707
687 689
687 699
687 690
687 698
687 688
687 707
687 703
687 704
687 708
672 682
672 674
672 689
672 680
672 699
672 690
672 676
672 698
672 686
672 673
672 677
672 688
672 707
672 703
672 685
672 704
672 708
672 687
683 689
683 699
683 690
683 698
683 686
683 688
683 707
683 703
683 685
683 704
683 708
683 687
665 682
665 674
665 689
665 670
665 680
665 666
665 699
665 690
665 676
665 698
665 686
665 673
665 677
665 688
665 707
665 703
665 685
665 704
665 708
665 687
665 672
665 683
668 682
668 674
668 689
668 670
668 680
668 699
668 690
668 676
668 698
668 686
668 673
668 677
668 688
668 707
668 703
668 685
668 704
668 708
668 687
668 672
668 683
684 689
684 699
684 690
684 698
684 686
684 688
684 707
684 703
684 685
684 704
684 708
684 687
644 654
644 682
644 647
644 646
644 659
644 674
644 689
644 653
644 645
644 650
644 648
644 660
644 652
644 670
644 680
644 655
644 661
644 666
644 699
644 690
644 651
644 676
644 663
644 649
644 698
644 686
644 673
644 677
644 656
644 688
644 707
644 658
644 703
644 657
644 662
644 685
644 704
644 708
644 687
644 672
644 683
644 665
644 668
644 684
705 707
705 708
705 710
667 682
667 674
667 689
667 670
667 680
667 699
667 690
667 676
667 698
667 686
667 673
667 677
667 688
667 707
667 703
667 685
667 704
667 708
667 687
667 672
667 683
667 668
667 684
667 710
667 705
694 699
694 698
694 707
694 703
694 704
694 708
694 710
694 705
700 707
700 703
700 704
700 708
700 710
700 705
693 699
693 698
693 707
693 703
693 704
693 708
693 710
693 705
693 694
693 700
664 682
664 674
664 689
664 670
664 680
664 666
664 699
664 690
664 676
664 698
664 686
664 673
664 677
664 688
664 707
664 703
664 685
664 704
664 708
664 687
664 672
664 683
664 665
664 668
664 684
664 710
664 705
664 667
664 694
664 700
664 693
681 682
681 689
681 699
681 690
681 698
681 686
681 688
681 707
681 703
681 685
681 704
681 708
681 687
681 683
681 684
681 710
681 705
681 694
681 700
681 693
702 707
702 703
702 704
702 708
702 710
702 705
706 707
706 708
706 710
679 682
679 689
679 680
679 699
679 690
679 698
679 686
679 688
679 707
679 703
679 685
679 704
679 708
679 687
679 683
679 684
679 710
679 705
679 694
679 700
679 693
679 681
679 702
679 706
669 682
669 674
669 689
669 670
669 680
669 699
669 690
669 676
669 698
669 686
669 673
669 677
669 688
669 707
669 703
669 685
669 704
669 708
669 687
669 672
669 683
669 684
669 710
669 705
669 694
669 700
669 693
669 681
669 702
669 706
669 679
675 682
675 689
675 680
675 699
675 690
675 676
675 698
675 686
675 677
675 688
675 707
675 703
675 685
675 704
675 708
675 687
675 683
675 684
675 710
675 705
675 694
675 700
675 693
675 681
675 702
675 706
675 679
671 682
671 674
671 689
671 680
671 699
671 690
671 676
671 698
671 686
671 673
671 677
671 688
671 707
671 703
671 685
671 704
671 708
671 687
671 672
671 683
671 684
671 710
671 705
671 694
671 700
671 693
671 681
671 702
671 706
671 679
671 675
709 710
678 682
678 689
678 680
678 699
678 690
678 698
678 686
678 688
678 707
678 703
678 685
678 704
678 708
678 687
678 683
678 684
678 710
678 705
678 694
678 700
678 693
678 681
678 702
678 706
678 679
678 709
695 699
695 698
695 707
695 703
695 704
695 708
695 710
695 705
695 700
695 702
695 706
695 709
695 711
692 699
692 698
692 707
692 703
692 704
692 708
692 710
692 705
692 694
692 700
692 693
692 702
692 706
692 709
692 711
692 695
697 699
697 698
697 707
697 703
697 704
697 708
697 710
697 705
697 700
697 702
697 706
697 709
697 711
701 707
701 703
701 704
701 708
701 710
701 705
701 702
701 706
701 709
701 711
696 699
696 698
696 707
696 703
696 704
696 708
696 710
696 705
696 700
696 702
696 706
696 709
696 711
696 697
696 701
691 699
691 698
691 707
691 703
691 704
691 708
691 710
691 705
691 694
691 700
691 693
691 702
691 706
691 709
691 711
691 695
691 692
691 697
691 701
691 696
