558 10000
2 3
7 27
14 27
33 51
6 27
6 7
6 14
6 51
6 33
45 51
32 51
32 33
32 45
18 27
18 51
18 33
18 45
18 32
23 27
23 51
23 33
23 45
23 32
23 54
12 27
12 14
12 51
12 33
12 45
12 32
12 18
12 54
12 23
12 82
8 27
8 14
8 51
8 33
8 45
8 32
8 18
8 54
8 23
8 82
8 12
57 82
65 82
28 51
28 33
28 45
28 32
28 54
28 82
28 57
28 65
53 54
53 82
53 57
53 65
53 87
66 82
66 87
40 51
40 45
40 54
40 82
40 57
40 65
40 87
40 53
40 66
10 27
10 14
10 51
10 33
10 45
10 32
10 18
10 54
10 23
10 82
10 12
10 57
10 65
10 28
10 87
10 53
10 66
10 40
25 27
25 51
25 33
25 45
25 32
25 54
25 82
25 57
25 65
25 28
25 87
25 53
25 66
25 40
26 27
26 51
26 33
26 45
26 32
26 54
26 82
26 57
26 65
26 28
26 87
26 53
26 66
26 40
1 3
1 2
1 27
1 7
1 14
1 51
1 33
1 6
1 45
1 32
1 18
1 54
1 23
1 82
1 12
1 8
1 57
1 65
1 28
1 87
1 53
1 66
1 40
1 10
1 25
1 26
15 27
15 51
15 33
15 45
15 32
15 18
15 54
15 23
15 82
15 57
15 65
15 28
15 87
15 53
15 66
15 40
15 25
15 26
63 82
63 65
63 87
63 66
37 51
37 45
37 54
37 82
37 57
37 65
37 87
37 53
37 66
37 40
37 63
5 27
5 7
5 14
5 51
5 33
5 6
5 45
5 32
5 18
5 54
5 23
5 82
5 12
5 8
5 57
5 65
5 28
5 87
5 53
5 66
5 40
5 10
5 25
5 26
5 15
5 63
5 37
9 27
9 14
9 51
9 33
9 45
9 32
9 18
9 54
9 23
9 82
9 12
9 57
9 65
9 28
9 87
9 53
9 66
9 40
9 10
9 25
9 26
9 15
9 63
9 37
64 82
64 65
64 87
64 66
39 51
39 45
39 54
39 82
39 57
39 65
39 87
39 53
39 66
39 40
39 63
39 64
11 27
11 14
11 51
11 33
11 45
11 32
11 18
11 54
11 23
11 82
11 12
11 57
11 65
11 28
11 87
11 53
11 66
11 40
11 25
11 26
11 15
11 63
11 37
11 64
11 39
21 27
21 51
21 33
21 45
21 32
21 54
21 23
21 82
21 57
21 65
21 28
21 87
21 53
21 66
21 40
21 25
21 26
21 63
21 37
21 64
21 39
16 27
16 51
16 33
16 45
16 32
16 18
16 54
16 23
16 82
16 57
16 65
16 28
16 87
16 53
16 66
16 40
16 25
16 26
16 63
16 37
16 64
16 39
16 21
43 51
43 45
43 54
43 82
43 57
43 65
43 87
43 53
43 66
43 63
43 64
13 27
13 14
13 51
13 33
13 45
13 32
13 18
13 54
13 23
13 82
13 57
13 65
13 28
13 87
13 53
13 66
13 40
13 25
13 26
13 15
13 63
13 37
13 64
13 39
13 21
13 16
13 43
47 51
47 54
47 82
47 57
47 65
47 87
47 53
47 66
47 63
47 64
76 82
76 87
78 82
78 87
4 27
4 7
4 14
4 51
4 33
4 6
4 45
4 32
4 18
4 54
4 23
4 82
4 12
4 8
4 57
4 65
4 28
4 87
4 53
4 66
4 40
4 10
4 25
4 26
4 15
4 63
4 37
4 5
4 9
4 64
4 39
4 11
4 21
4 16
4 43
4 13
4 47
4 76
4 78
29 51
29 33
29 45
29 32
29 54
29 82
29 57
29 65
29 87
29 53
29 66
29 40
29 63
29 37
29 64
29 39
29 43
29 47
29 76
29 78
49 51
49 54
49 82
49 57
49 65
49 87
49 53
49 66
49 63
49 64
49 76
49 78
30 51
30 33
30 45
30 32
30 54
30 82
30 57
30 65
30 87
30 53
30 66
30 40
30 63
30 37
30 64
30 39
30 43
30 47
30 76
30 78
30 49
20 27
20 51
20 33
20 45
20 32
20 54
20 23
20 82
20 57
20 65
20 28
20 87
20 53
20 66
20 40
20 25
20 26
20 63
20 37
20 64
20 39
20 21
20 43
20 47
20 76
20 78
20 29
20 49
20 30
84 87
36 51
36 45
36 54
36 82
36 57
36 65
36 87
36 53
36 66
36 40
36 63
36 37
36 64
36 39
36 43
36 47
36 76
36 78
36 49
36 84
80 82
80 87
80 84
80 91
22 27
22 51
22 33
22 45
22 32
22 54
22 23
22 82
22 57
22 65
22 28
22 87
22 53
22 66
22 40
22 25
22 26
22 63
22 37
22 64
22 39
22 43
22 47
22 76
22 78
22 29
22 49
22 30
22 84
22 36
22 91
22 80
55 82
55 57
55 65
55 87
55 66
55 63
55 64
55 76
55 78
55 84
55 91
55 80
52 54
52 82
52 57
52 65
52 87
52 53
52 66
52 63
52 64
52 76
52 78
52 84
52 91
52 80
52 55
31 51
31 33
31 45
31 32
31 54
31 82
31 57
31 65
31 87
31 53
31 66
31 40
31 63
31 37
31 64
31 39
31 43
31 47
31 76
31 78
31 49
31 84
31 36
31 91
31 80
31 55
31 52
31 122
104 122
96 122
96 104
38 51
38 45
38 54
38 82
38 57
38 65
38 87
38 53
38 66
38 40
38 63
38 64
38 39
38 43
38 47
38 76
38 78
38 49
38 84
38 91
38 80
38 55
38 52
38 122
38 104
38 96
102 122
102 104
67 82
67 87
67 76
67 78
67 84
67 91
67 80
67 122
67 104
67 96
67 102
75 82
75 87
75 76
75 78
75 84
75 91
75 80
75 122
75 104
75 96
75 102
77 82
77 87
77 78
77 84
77 91
77 80
77 122
77 104
77 96
77 102
56 82
56 57
56 65
56 87
56 66
56 63
56 64
56 76
56 78
56 84
56 91
56 80
56 122
56 104
56 96
56 102
56 67
56 75
56 77
48 51
48 54
48 82
48 57
48 65
48 87
48 53
48 66
48 63
48 64
48 76
48 78
48 49
48 84
48 91
48 80
48 55
48 52
48 122
48 104
48 96
48 102
48 67
48 75
48 77
48 56
24 27
24 51
24 33
24 45
24 32
24 54
24 82
24 57
24 65
24 28
24 87
24 53
24 66
24 40
24 25
24 26
24 63
24 37
24 64
24 39
24 43
24 47
24 76
24 78
24 29
24 49
24 30
24 84
24 36
24 91
24 80
24 55
24 52
24 122
24 31
24 104
24 96
24 38
24 102
24 67
24 75
24 77
24 56
24 48
69 82
69 87
69 76
69 78
69 84
69 91
69 80
69 122
69 104
69 96
69 102
69 75
69 77
90 91
90 122
90 104
90 96
90 102
105 122
17 27
17 51
17 33
17 45
17 32
17 18
17 54
17 23
17 82
17 57
17 65
17 28
17 87
17 53
17 66
17 40
17 25
17 26
17 63
17 37
17 64
17 39
17 21
17 43
17 47
17 76
17 78
17 29
17 49
17 30
17 20
17 84
17 36
17 91
17 80
17 22
17 55
17 52
17 122
17 31
17 104
17 96
17 38
17 102
17 67
17 75
17 77
17 56
17 48
17 24
17 69
17 90
17 105
74 82
74 87
74 76
74 78
74 84
74 91
74 80
74 122
74 104
74 96
74 102
74 75
74 77
74 90
74 105
74 128
35 51
35 45
35 54
35 82
35 57
35 65
35 87
35 53
35 66
35 40
35 63
35 37
35 64
35 39
35 43
35 47
35 76
35 78
35 49
35 84
35 36
35 91
35 80
35 55
35 52
35 122
35 104
35 96
35 38
35 102
35 67
35 75
35 77
35 56
35 48
35 69
35 90
35 105
35 128
35 74
46 51
46 54
46 82
46 57
46 65
46 87
46 53
46 66
46 63
46 64
46 47
46 76
46 78
46 49
46 84
46 91
46 80
46 55
46 52
46 122
46 104
46 96
46 102
46 67
46 75
46 77
46 56
46 48
46 69
46 90
46 105
46 128
46 74
68 82
68 87
68 76
68 78
68 84
68 91
68 80
68 122
68 104
68 96
68 102
68 75
68 77
68 69
68 90
68 105
68 128
68 74
116 122
116 128
71 82
71 87
71 76
71 78
71 84
71 91
71 80
71 122
71 104
71 96
71 102
71 75
71 77
71 90
71 105
71 128
71 74
71 116
79 82
79 87
79 84
79 91
79 80
79 122
79 104
79 96
79 102
79 90
79 105
79 128
79 116
44 51
44 45
44 54
44 82
44 57
44 65
44 87
44 53
44 66
44 63
44 64
44 47
44 76
44 78
44 49
44 84
44 91
44 80
44 55
44 52
44 122
44 104
44 96
44 102
44 67
44 75
44 77
44 56
44 48
44 69
44 90
44 105
44 128
44 74
44 46
44 68
44 116
44 71
44 79
118 122
118 128
89 91
89 122
89 104
89 96
89 102
89 90
89 105
89 128
89 116
89 118
62 82
62 65
62 87
62 66
62 63
62 64
62 76
62 78
62 84
62 91
62 80
62 122
62 104
62 96
62 102
62 67
62 75
62 77
62 69
62 90
62 105
62 128
62 74
62 68
62 116
62 71
62 79
62 118
62 89
42 51
42 45
42 54
42 82
42 57
42 65
42 87
42 53
42 66
42 63
42 64
42 43
42 47
42 76
42 78
42 49
42 84
42 91
42 80
42 55
42 52
42 122
42 104
42 96
42 102
42 67
42 75
42 77
42 56
42 48
42 69
42 90
42 105
42 128
42 74
42 46
42 68
42 116
42 71
42 79
42 44
42 118
42 89
42 62
112 122
112 128
112 116
112 118
101 122
101 104
101 102
101 105
101 128
101 116
101 118
101 112
101 136
60 82
60 65
60 87
60 66
60 63
60 64
60 76
60 78
60 84
60 91
60 80
60 122
60 104
60 96
60 102
60 67
60 75
60 77
60 69
60 90
60 105
60 128
60 74
60 68
60 116
60 71
60 79
60 118
60 89
60 62
60 112
60 136
60 101
95 122
95 104
95 96
95 102
95 105
95 128
95 116
95 118
95 112
95 136
95 101
98 122
98 104
98 102
98 105
98 128
98 116
98 118
98 112
98 136
98 101
125 128
125 136
111 122
111 128
111 116
111 118
111 112
111 136
111 125
50 51
50 54
50 82
50 57
50 65
50 87
50 53
50 66
50 63
50 64
50 76
50 78
50 84
50 91
50 80
50 55
50 52
50 122
50 104
50 96
50 102
50 67
50 75
50 77
50 56
50 69
50 90
50 105
50 128
50 74
50 68
50 116
50 71
50 79
50 118
50 89
50 62
50 112
50 136
50 101
50 60
50 95
50 98
50 125
50 111
41 51
41 45
41 54
41 82
41 57
41 65
41 87
41 53
41 66
41 63
41 64
41 43
41 47
41 76
41 78
41 49
41 84
41 91
41 80
41 55
41 52
41 122
41 104
41 96
41 102
41 67
41 75
41 77
41 56
41 48
41 69
41 90
41 105
41 128
41 74
41 46
41 68
41 116
41 71
41 79
41 44
41 118
41 89
41 62
41 42
41 112
41 136
41 101
41 60
41 95
41 98
41 125
41 111
41 50
97 122
97 104
97 102
97 105
97 128
97 116
97 118
97 112
97 136
97 101
97 98
97 125
97 111
117 122
117 128
117 118
117 136
117 125
72 82
72 87
72 76
72 78
72 84
72 91
72 80
72 122
72 104
72 96
72 102
72 75
72 77
72 90
72 105
72 128
72 74
72 116
72 79
72 118
72 89
72 112
72 136
72 101
72 95
72 98
72 125
72 111
72 97
72 117
72 151
73 82
73 87
73 76
73 78
73 84
73 91
73 80
73 122
73 104
73 96
73 102
73 75
73 77
73 90
73 105
73 128
73 74
73 116
73 79
73 118
73 89
73 112
73 136
73 101
73 95
73 98
73 125
73 111
73 97
73 117
73 151
73 172
108 122
108 128
108 116
108 118
108 112
108 136
108 125
108 111
108 117
108 151
108 172
59 82
59 65
59 87
59 66
59 63
59 64
59 76
59 78
59 84
59 91
59 80
59 122
59 104
59 96
59 102
59 67
59 75
59 77
59 69
59 90
59 105
59 128
59 74
59 68
59 116
59 71
59 79
59 118
59 89
59 62
59 112
59 136
59 101
59 60
59 95
59 98
59 125
59 111
59 97
59 117
59 151
59 72
59 172
59 73
59 108
88 91
88 122
88 104
88 96
88 102
88 90
88 105
88 128
88 116
88 118
88 89
88 112
88 136
88 101
88 95
88 98
88 125
88 111
88 97
88 117
88 151
88 172
88 108
129 136
129 151
129 172
110 122
110 128
110 116
110 118
110 112
110 136
110 125
110 111
110 117
110 151
110 172
110 129
139 151
139 172
19 27
19 51
19 33
19 45
19 32
19 54
19 23
19 82
19 57
19 65
19 28
19 87
19 53
19 66
19 40
19 25
19 26
19 63
19 37
19 64
19 39
19 21
19 43
19 47
19 76
19 78
19 29
19 49
19 30
19 20
19 84
19 36
19 91
19 80
19 22
19 55
19 52
19 122
19 31
19 104
19 96
19 38
19 102
19 67
19 75
19 77
19 56
19 48
19 24
19 69
19 90
19 105
19 128
19 74
19 35
19 46
19 68
19 116
19 71
19 79
19 44
19 118
19 89
19 62
19 42
19 112
19 136
19 101
19 60
19 95
19 98
19 125
19 111
19 50
19 41
19 97
19 117
19 151
19 72
19 172
19 73
19 108
19 59
19 88
19 129
19 110
19 139
157 172
70 82
70 87
70 76
70 78
70 84
70 91
70 80
70 122
70 104
70 96
70 102
70 75
70 77
70 90
70 105
70 128
70 74
70 116
70 71
70 79
70 118
70 89
70 112
70 136
70 101
70 95
70 98
70 125
70 111
70 97
70 117
70 151
70 72
70 172
70 73
70 108
70 88
70 129
70 110
70 139
70 157
81 82
81 87
81 84
81 91
81 122
81 104
81 96
81 102
81 90
81 105
81 128
81 116
81 118
81 89
81 112
81 136
81 101
81 95
81 98
81 125
81 111
81 97
81 117
81 151
81 172
81 108
81 88
81 129
81 110
81 139
81 157
92 122
92 104
92 96
92 102
92 105
92 128
92 116
92 118
92 112
92 136
92 101
92 95
92 98
92 125
92 111
92 97
92 117
92 151
92 172
92 108
92 129
92 110
92 139
92 157
83 87
83 84
83 91
83 122
83 104
83 96
83 102
83 90
83 105
83 128
83 116
83 118
83 89
83 112
83 136
83 101
83 95
83 98
83 125
83 111
83 97
83 117
83 151
83 172
83 108
83 88
83 129
83 110
83 139
83 157
83 92
109 122
109 128
109 116
109 118
109 112
109 136
109 125
109 111
109 117
109 151
109 172
109 129
109 110
109 139
109 157
93 122
93 104
93 96
93 102
93 105
93 128
93 116
93 118
93 112
93 136
93 101
93 95
93 98
93 125
93 111
93 97
93 117
93 151
93 172
93 108
93 129
93 110
93 139
93 157
93 109
61 82
61 65
61 87
61 66
61 63
61 64
61 76
61 78
61 84
61 91
61 80
61 122
61 104
61 96
61 102
61 67
61 75
61 77
61 69
61 90
61 105
61 128
61 74
61 68
61 116
61 71
61 79
61 118
61 89
61 62
61 112
61 136
61 101
61 95
61 98
61 125
61 111
61 97
61 117
61 151
61 72
61 172
61 73
61 108
61 88
61 129
61 110
61 139
61 157
61 70
61 81
61 92
61 83
61 109
61 93
131 136
131 151
131 172
131 139
131 157
161 172
126 128
126 136
126 151
126 172
126 129
126 139
126 157
126 131
126 161
115 122
115 128
115 116
115 118
115 136
115 125
115 117
115 151
115 172
115 129
115 139
115 157
115 131
115 161
115 126
34 51
34 45
34 54
34 82
34 57
34 65
34 87
34 53
34 66
34 40
34 63
34 37
34 64
34 39
34 43
34 47
34 76
34 78
34 49
34 84
34 36
34 91
34 80
34 55
34 52
34 122
34 104
34 96
34 38
34 102
34 67
34 75
34 77
34 56
34 48
34 69
34 90
34 105
34 128
34 74
34 35
34 46
34 68
34 116
34 71
34 79
34 44
34 118
34 89
34 62
34 42
34 112
34 136
34 101
34 60
34 95
34 98
34 125
34 111
34 50
34 41
34 97
34 117
34 151
34 72
34 172
34 73
34 108
34 59
34 88
34 129
34 110
34 139
34 157
34 70
34 81
34 92
34 83
34 109
34 93
34 61
34 131
34 161
34 126
34 115
134 136
134 151
134 172
134 139
134 157
134 161
144 151
144 172
144 157
144 161
145 151
145 172
145 157
145 161
143 151
143 172
143 157
143 161
143 144
143 145
86 87
86 91
86 122
86 104
86 96
86 102
86 90
86 105
86 128
86 116
86 118
86 89
86 112
86 136
86 101
86 95
86 98
86 125
86 111
86 97
86 117
86 151
86 172
86 108
86 88
86 129
86 110
86 139
86 157
86 92
86 109
86 93
86 131
86 161
86 126
86 115
86 134
86 144
86 145
86 143
120 122
120 128
120 136
120 125
120 151
120 172
120 129
120 139
120 157
120 131
120 161
120 126
120 134
120 144
120 145
120 143
119 122
119 128
119 136
119 125
119 151
119 172
119 129
119 139
119 157
119 131
119 161
119 126
119 134
119 144
119 145
119 143
119 120
135 136
135 151
135 172
135 139
135 157
135 161
135 144
135 145
135 143
106 122
106 128
106 116
106 118
106 112
106 136
106 125
106 111
106 117
106 151
106 172
106 108
106 129
106 110
106 139
106 157
106 109
106 131
106 161
106 126
106 115
106 134
106 144
106 145
106 143
106 120
106 119
106 135
133 136
133 151
133 172
133 139
133 157
133 161
133 134
133 144
133 145
133 143
133 135
100 122
100 104
100 102
100 105
100 128
100 116
100 118
100 112
100 136
100 101
100 125
100 111
100 117
100 151
100 172
100 108
100 129
100 110
100 139
100 157
100 109
100 131
100 161
100 126
100 115
100 134
100 144
100 145
100 143
100 120
100 119
100 135
100 106
100 133
58 82
58 65
58 87
58 66
58 63
58 64
58 76
58 78
58 84
58 91
58 80
58 122
58 104
58 96
58 102
58 67
58 75
58 77
58 69
58 90
58 105
58 128
58 74
58 68
58 116
58 71
58 79
58 118
58 89
58 62
58 112
58 136
58 101
58 60
58 95
58 98
58 125
58 111
58 97
58 117
58 151
58 72
58 172
58 73
58 108
58 59
58 88
58 129
58 110
58 139
58 157
58 70
58 81
58 92
58 83
58 109
58 93
58 61
58 131
58 161
58 126
58 115
58 134
58 144
58 145
58 143
58 86
58 120
58 119
58 135
58 106
58 133
58 100
94 122
94 104
94 96
94 102
94 105
94 128
94 116
94 118
94 112
94 136
94 101
94 95
94 98
94 125
94 111
94 97
94 117
94 151
94 172
94 108
94 129
94 110
94 139
94 157
94 109
94 131
94 161
94 126
94 115
94 134
94 144
94 145
94 143
94 120
94 119
94 135
94 106
94 133
94 100
192 205
123 128
123 136
123 125
123 151
123 172
123 129
123 139
123 157
123 131
123 161
123 126
123 134
123 144
123 145
123 143
123 135
123 133
123 205
123 192
154 172
154 157
154 161
154 205
154 192
146 151
146 172
146 157
146 161
146 205
146 192
146 154
85 87
85 91
85 122
85 104
85 96
85 102
85 90
85 105
85 128
85 116
85 118
85 89
85 112
85 136
85 101
85 95
85 98
85 125
85 111
85 97
85 117
85 151
85 172
85 108
85 88
85 129
85 110
85 139
85 157
85 92
85 109
85 93
85 131
85 161
85 126
85 115
85 134
85 144
85 145
85 143
85 86
85 120
85 119
85 135
85 106
85 133
85 100
85 94
85 205
85 192
85 123
85 154
85 146
179 205
179 192
183 205
183 192
149 151
149 172
149 157
149 161
149 205
149 192
149 154
149 179
149 183
114 122
114 128
114 116
114 118
114 136
114 125
114 117
114 151
114 172
114 129
114 139
114 157
114 131
114 161
114 126
114 115
114 134
114 144
114 145
114 143
114 120
114 119
114 135
114 133
114 205
114 192
114 123
114 154
114 146
114 179
114 183
114 149
132 136
132 151
132 172
132 139
132 157
132 161
132 134
132 144
132 145
132 143
132 135
132 133
132 205
132 192
132 154
132 146
132 179
132 183
132 149
103 122
103 104
103 105
103 128
103 116
103 118
103 112
103 136
103 125
103 111
103 117
103 151
103 172
103 108
103 129
103 110
103 139
103 157
103 109
103 131
103 161
103 126
103 115
103 134
103 144
103 145
103 143
103 120
103 119
103 135
103 106
103 133
103 205
103 192
103 123
103 154
103 146
103 179
103 183
103 149
103 114
103 132
99 122
99 104
99 102
99 105
99 128
99 116
99 118
99 112
99 136
99 101
99 125
99 111
99 117
99 151
99 172
99 108
99 129
99 110
99 139
99 157
99 109
99 131
99 161
99 126
99 115
99 134
99 144
99 145
99 143
99 120
99 119
99 135
99 106
99 133
99 100
99 205
99 192
99 123
99 154
99 146
99 179
99 183
99 149
99 114
99 132
99 103
127 128
127 136
127 151
127 172
127 129
127 139
127 157
127 131
127 161
127 134
127 144
127 145
127 143
127 135
127 133
127 205
127 192
127 154
127 146
127 179
127 183
127 149
127 132
121 122
121 128
121 136
121 125
121 151
121 172
121 129
121 139
121 157
121 131
121 161
121 126
121 134
121 144
121 145
121 143
121 135
121 133
121 205
121 192
121 123
121 154
121 146
121 179
121 183
121 149
121 132
121 127
140 151
140 172
140 157
140 161
140 144
140 145
140 143
140 205
140 192
140 154
140 146
140 179
140 183
140 149
148 151
148 172
148 157
148 161
148 205
148 192
148 154
148 179
148 183
148 149
166 172
166 205
166 192
166 179
166 183
124 128
124 136
124 125
124 151
124 172
124 129
124 139
124 157
124 131
124 161
124 126
124 134
124 144
124 145
124 143
124 135
124 133
124 205
124 192
124 154
124 146
124 179
124 183
124 149
124 132
124 127
124 140
124 148
124 166
188 205
188 192
150 151
150 172
150 157
150 161
150 205
150 192
150 154
150 179
150 183
150 166
150 188
153 172
153 157
153 161
153 205
153 192
153 154
153 179
153 183
153 166
153 188
176 205
176 192
176 179
176 183
176 188
130 136
130 151
130 172
130 139
130 157
130 131
130 161
130 134
130 144
130 145
130 143
130 135
130 133
130 205
130 192
130 154
130 146
130 179
130 183
130 149
130 132
130 140
130 148
130 166
130 188
130 150
130 153
130 176
180 205
180 192
180 183
180 188
202 205
113 122
113 128
113 116
113 118
113 136
113 125
113 117
113 151
113 172
113 129
113 139
113 157
113 131
113 161
113 126
113 115
113 134
113 144
113 145
113 143
113 120
113 119
113 135
113 133
113 205
113 192
113 123
113 154
113 146
113 179
113 183
113 149
113 114
113 132
113 127
113 121
113 140
113 148
113 166
113 124
113 188
113 150
113 153
113 176
113 130
113 180
113 202
155 172
155 157
155 161
155 205
155 192
155 179
155 183
155 166
155 188
155 176
155 180
155 202
142 151
142 172
142 157
142 161
142 144
142 145
142 143
142 205
142 192
142 154
142 146
142 179
142 183
142 149
142 148
142 166
142 188
142 150
142 153
142 176
142 180
142 202
142 155
160 172
160 161
160 205
160 192
160 179
160 183
160 166
160 188
160 176
160 180
160 202
158 172
158 161
158 205
158 192
158 179
158 183
158 166
158 188
158 176
158 180
158 202
158 160
204 205
174 205
174 192
174 179
174 183
174 188
174 176
174 180
174 202
174 204
174 208
138 151
138 172
138 139
138 157
138 161
138 144
138 145
138 143
138 205
138 192
138 154
138 146
138 179
138 183
138 149
138 140
138 148
138 166
138 188
138 150
138 153
138 176
138 180
138 202
138 155
138 142
138 160
138 158
138 204
138 208
138 174
169 172
169 205
169 192
169 179
169 183
169 188
169 176
169 180
169 202
169 204
169 208
169 174
169 209
193 205
193 202
193 204
193 208
193 209
196 205
196 202
196 204
196 208
196 209
184 205
184 192
184 188
184 202
184 204
184 208
184 209
184 193
184 196
107 122
107 128
107 116
107 118
107 112
107 136
107 125
107 111
107 117
107 151
107 172
107 108
107 129
107 110
107 139
107 157
107 109
107 131
107 161
107 126
107 115
107 134
107 144
107 145
107 143
107 120
107 119
107 135
107 133
107 205
107 192
107 123
107 154
107 146
107 179
107 183
107 149
107 114
107 132
107 127
107 121
107 140
107 148
107 166
107 124
107 188
107 150
107 153
107 176
107 130
107 180
107 202
107 113
107 155
107 142
107 160
107 158
107 204
107 208
107 174
107 138
107 209
107 169
107 193
107 196
107 184
137 151
137 172
137 139
137 157
137 161
137 144
137 145
137 143
137 205
137 192
137 154
137 146
137 179
137 183
137 149
137 140
137 148
137 166
137 188
137 150
137 153
137 176
137 180
137 202
137 155
137 142
137 160
137 158
137 204
137 208
137 174
137 138
137 209
137 169
137 193
137 196
137 184
182 205
182 192
182 183
182 188
182 202
182 204
182 208
182 209
182 193
182 196
182 184
152 172
152 157
152 161
152 205
152 192
152 154
152 179
152 183
152 166
152 188
152 153
152 176
152 180
152 202
152 155
152 160
152 158
152 204
152 208
152 174
152 209
152 169
152 193
152 196
152 184
152 182
141 151
141 172
141 157
141 161
141 144
141 145
141 143
141 205
141 192
141 154
141 146
141 179
141 183
141 149
141 148
141 166
141 188
141 150
141 153
141 176
141 180
141 202
141 155
141 142
141 160
141 158
141 204
141 208
141 174
141 209
141 169
141 193
141 196
141 184
141 182
141 152
162 172
162 205
162 192
162 179
162 183
162 166
162 188
162 176
162 180
162 202
162 204
162 208
162 174
162 209
162 169
162 193
162 196
162 184
162 182
147 151
147 172
147 157
147 161
147 205
147 192
147 154
147 179
147 183
147 149
147 148
147 166
147 188
147 150
147 153
147 176
147 180
147 202
147 155
147 160
147 158
147 204
147 208
147 174
147 209
147 169
147 193
147 196
147 184
147 182
147 152
147 162
189 205
189 192
189 202
189 204
189 208
189 209
189 193
189 196
175 205
175 192
175 179
175 183
175 188
175 176
175 180
175 202
175 204
175 208
175 209
175 193
175 196
175 184
175 182
175 189
165 172
165 205
165 192
165 179
165 183
165 166
165 188
165 176
165 180
165 202
165 204
165 208
165 174
165 209
165 169
165 193
165 196
165 184
165 182
165 189
165 175
198 205
198 202
198 204
198 208
198 209
168 172
168 205
168 192
168 179
168 183
168 188
168 176
168 180
168 202
168 204
168 208
168 174
168 209
168 169
168 193
168 196
168 184
168 182
168 189
168 175
168 198
231 239
210 239
210 231
226 239
226 231
186 205
186 192
186 188
186 202
186 204
186 208
186 209
186 193
186 196
186 189
186 198
186 239
186 231
186 210
186 226
219 239
219 231
219 226
213 239
213 231
213 226
213 219
177 205
177 192
177 179
177 183
177 188
177 180
177 202
177 204
177 208
177 209
177 193
177 196
177 184
177 182
177 189
177 198
177 239
177 231
177 210
177 226
177 186
177 219
177 213
159 172
159 161
159 205
159 192
159 179
159 183
159 166
159 188
159 176
159 180
159 202
159 160
159 204
159 208
159 174
159 209
159 169
159 193
159 196
159 184
159 182
159 162
159 189
159 175
159 165
159 198
159 168
159 239
159 231
159 210
159 226
159 186
159 219
159 213
159 177
194 205
194 202
194 204
194 208
194 209
194 196
194 198
194 239
194 231
194 210
194 226
194 219
194 213
201 205
201 202
201 204
201 208
201 209
201 239
201 231
201 210
201 226
201 219
201 213
225 239
225 231
225 226
225 249
164 172
164 205
164 192
164 179
164 183
164 166
164 188
164 176
164 180
164 202
164 204
164 208
164 174
164 209
164 169
164 193
164 196
164 184
164 182
164 189
164 175
164 165
164 198
164 168
164 239
164 231
164 210
164 226
164 186
164 219
164 213
164 177
164 194
164 201
164 249
164 225
241 249
187 205
187 192
187 188
187 202
187 204
187 208
187 209
187 193
187 196
187 189
187 198
187 239
187 231
187 210
187 226
187 219
187 213
187 194
187 201
187 249
187 225
187 241
222 239
222 231
222 226
222 249
222 225
222 241
214 239
214 231
214 226
214 219
214 249
214 225
214 241
214 222
215 239
215 231
215 226
215 219
215 249
215 225
215 241
215 222
178 205
178 192
178 179
178 183
178 188
178 180
178 202
178 204
178 208
178 209
178 193
178 196
178 184
178 182
178 189
178 198
178 239
178 231
178 210
178 226
178 186
178 219
178 213
178 194
178 201
178 249
178 225
178 241
178 187
178 222
178 214
178 215
163 172
163 205
163 192
163 179
163 183
163 166
163 188
163 176
163 180
163 202
163 204
163 208
163 174
163 209
163 169
163 193
163 196
163 184
163 182
163 189
163 175
163 165
163 198
163 168
163 239
163 231
163 210
163 226
163 186
163 219
163 213
163 177
163 194
163 201
163 249
163 225
163 164
163 241
163 187
163 222
163 214
163 215
163 178
216 239
216 231
216 226
216 219
216 249
216 225
216 241
216 222
244 249
171 172
171 205
171 192
171 179
171 183
171 188
171 176
171 180
171 202
171 204
171 208
171 174
171 209
171 193
171 196
171 184
171 182
171 189
171 175
171 198
171 239
171 231
171 210
171 226
171 186
171 219
171 213
171 177
171 194
171 201
171 249
171 225
171 241
171 187
171 222
171 214
171 215
171 178
171 216
171 244
195 205
195 202
195 204
195 208
195 209
195 196
195 198
195 239
195 231
195 210
195 226
195 219
195 213
195 201
195 249
195 225
195 241
195 222
195 214
195 215
195 216
195 244
203 205
203 204
203 208
203 209
203 239
203 231
203 210
203 226
203 219
203 213
203 249
203 225
203 241
203 222
203 214
203 215
203 216
203 244
232 239
232 249
232 241
232 244
181 205
181 192
181 183
181 188
181 202
181 204
181 208
181 209
181 193
181 196
181 184
181 182
181 189
181 198
181 239
181 231
181 210
181 226
181 186
181 219
181 213
181 194
181 201
181 249
181 225
181 241
181 187
181 222
181 214
181 215
181 216
181 244
181 195
181 203
181 232
185 205
185 192
185 188
185 202
185 204
185 208
185 209
185 193
185 196
185 189
185 198
185 239
185 231
185 210
185 226
185 186
185 219
185 213
185 194
185 201
185 249
185 225
185 241
185 187
185 222
185 214
185 215
185 216
185 244
185 195
185 203
185 232
167 172
167 205
167 192
167 179
167 183
167 188
167 176
167 180
167 202
167 204
167 208
167 174
167 209
167 169
167 193
167 196
167 184
167 182
167 189
167 175
167 198
167 168
167 239
167 231
167 210
167 226
167 186
167 219
167 213
167 177
167 194
167 201
167 249
167 225
167 241
167 187
167 222
167 214
167 215
167 178
167 216
167 244
167 171
167 195
167 203
167 232
167 181
167 185
227 239
227 231
227 249
227 241
227 244
227 232
170 172
170 205
170 192
170 179
170 183
170 188
170 176
170 180
170 202
170 204
170 208
170 174
170 209
170 193
170 196
170 184
170 182
170 189
170 175
170 198
170 239
170 231
170 210
170 226
170 186
170 219
170 213
170 177
170 194
170 201
170 249
170 225
170 241
170 187
170 222
170 214
170 215
170 178
170 216
170 244
170 171
170 195
170 203
170 232
170 181
170 185
170 227
235 239
235 249
235 241
235 244
211 239
211 231
211 226
211 219
211 213
211 249
211 225
211 241
211 222
211 214
211 215
211 216
211 244
211 232
211 227
211 235
220 239
220 231
220 226
220 249
220 225
220 241
220 222
220 244
220 232
220 227
220 235
224 239
224 231
224 226
224 249
224 225
224 241
224 244
224 232
224 227
224 235
224 283
234 239
234 249
234 241
234 244
234 235
234 283
206 208
206 209
206 239
206 231
206 210
206 226
206 219
206 213
206 249
206 225
206 241
206 222
206 214
206 215
206 216
206 244
206 232
206 227
206 235
206 211
206 220
206 283
206 224
206 234
173 205
173 192
173 179
173 183
173 188
173 176
173 180
173 202
173 204
173 208
173 174
173 209
173 193
173 196
173 184
173 182
173 189
173 175
173 198
173 239
173 231
173 210
173 226
173 186
173 219
173 213
173 177
173 194
173 201
173 249
173 225
173 241
173 187
173 222
173 214
173 215
173 178
173 216
173 244
173 195
173 203
173 232
173 181
173 185
173 227
173 235
173 211
173 220
173 283
173 224
173 234
173 206
199 205
199 202
199 204
199 208
199 209
199 239
199 231
199 210
199 226
199 219
199 213
199 201
199 249
199 225
199 241
199 222
199 214
199 215
199 216
199 244
199 203
199 232
199 227
199 235
199 211
199 220
199 283
199 224
199 234
199 206
207 208
207 209
207 239
207 231
207 210
207 226
207 219
207 213
207 249
207 225
207 241
207 222
207 214
207 215
207 216
207 244
207 232
207 227
207 235
207 211
207 220
207 283
207 224
207 234
200 205
200 202
200 204
200 208
200 209
200 239
200 231
200 210
200 226
200 219
200 213
200 201
200 249
200 225
200 241
200 222
200 214
200 215
200 216
200 244
200 203
200 232
200 227
200 235
200 211
200 220
200 283
200 224
200 234
200 206
200 207
217 239
217 231
217 226
217 219
217 249
217 225
217 241
217 222
217 244
217 232
217 227
217 235
217 220
217 283
217 224
217 234
245 249
245 283
197 205
197 202
197 204
197 208
197 209
197 198
197 239
197 231
197 210
197 226
197 219
197 213
197 201
197 249
197 225
197 241
197 222
197 214
197 215
197 216
197 244
197 203
197 232
197 227
197 235
197 211
197 220
197 283
197 224
197 234
197 206
197 199
197 207
197 200
197 217
197 245
190 205
190 192
190 202
190 204
190 208
190 209
190 193
190 196
190 198
190 239
190 231
190 210
190 226
190 219
190 213
190 194
190 201
190 249
190 225
190 241
190 222
190 214
190 215
190 216
190 244
190 195
190 203
190 232
190 227
190 235
190 211
190 220
190 283
190 224
190 234
190 206
190 199
190 207
190 200
190 217
190 245
190 197
212 239
212 231
212 226
212 219
212 213
212 249
212 225
212 241
212 222
212 214
212 215
212 216
212 244
212 232
212 227
212 235
212 220
212 283
212 224
212 234
212 217
212 245
243 249
243 244
243 283
243 245
260 283
259 283
259 260
259 288
259 292
156 172
156 157
156 161
156 205
156 192
156 179
156 183
156 166
156 188
156 176
156 180
156 202
156 160
156 158
156 204
156 208
156 174
156 209
156 169
156 193
156 196
156 184
156 182
156 162
156 189
156 175
156 165
156 198
156 168
156 239
156 231
156 210
156 226
156 186
156 219
156 213
156 177
156 159
156 194
156 201
156 249
156 225
156 164
156 241
156 187
156 222
156 214
156 215
156 178
156 163
156 216
156 244
156 171
156 195
156 203
156 232
156 181
156 185
156 167
156 227
156 170
156 235
156 211
156 220
156 283
156 224
156 234
156 206
156 173
156 199
156 207
156 200
156 217
156 245
156 197
156 190
156 212
156 243
156 260
156 288
156 292
156 259
277 283
277 288
277 292
258 283
258 260
258 288
258 292
258 259
258 277
258 313
246 249
246 283
246 260
246 288
246 292
246 259
246 277
246 313
246 258
218 239
218 231
218 226
218 219
218 249
218 225
218 241
218 222
218 244
218 232
218 227
218 235
218 220
218 283
218 224
218 234
218 245
218 243
218 260
218 288
218 292
218 259
218 277
218 313
218 258
218 246
236 239
236 249
236 241
236 244
236 283
236 245
236 243
236 260
236 288
236 292
236 259
236 277
236 313
236 258
236 246
274 283
274 288
274 292
274 277
274 313
223 239
223 231
223 226
223 249
223 225
223 241
223 244
223 232
223 227
223 235
223 283
223 224
223 234
223 245
223 243
223 260
223 288
223 292
223 259
223 277
223 313
223 258
223 246
223 236
223 274
228 239
228 231
228 249
228 241
228 244
228 232
228 235
228 283
228 234
228 245
228 243
228 260
228 288
228 292
228 259
228 277
228 313
228 258
228 246
228 236
228 274
296 313
229 239
229 231
229 249
229 241
229 244
229 232
229 235
229 283
229 234
229 245
229 243
229 260
229 288
229 292
229 259
229 277
229 313
229 258
229 246
229 236
229 274
229 296
191 205
191 192
191 202
191 204
191 208
191 209
191 193
191 196
191 198
191 239
191 231
191 210
191 226
191 219
191 213
191 194
191 201
191 249
191 225
191 241
191 222
191 214
191 215
191 216
191 244
191 195
191 203
191 232
191 227
191 235
191 211
191 220
191 283
191 224
191 234
191 206
191 199
191 207
191 200
191 217
191 245
191 197
191 212
191 243
191 260
191 288
191 292
191 259
191 277
191 313
191 258
191 246
191 218
191 236
191 274
191 223
191 228
191 296
191 229
251 283
251 260
251 288
251 292
251 259
251 277
251 313
251 258
251 274
251 296
301 313
275 283
275 288
275 292
275 277
275 313
275 296
275 301
230 239
230 231
230 249
230 241
230 244
230 232
230 235
230 283
230 234
230 245
230 243
230 260
230 288
230 292
230 259
230 277
230 313
230 258
230 246
230 236
230 274
230 296
230 251
230 301
230 275
268 283
268 288
268 292
268 277
268 313
268 274
268 296
268 301
268 275
264 283
264 288
264 292
264 277
264 313
264 274
264 296
264 301
264 275
264 268
250 283
250 260
250 288
250 292
250 259
250 277
250 313
250 258
250 274
250 296
250 251
250 301
250 275
250 268
250 264
280 283
280 288
280 292
280 313
280 296
280 301
281 283
281 288
281 292
281 313
281 296
281 301
221 239
221 231
221 226
221 249
221 225
221 241
221 222
221 244
221 232
221 227
221 235
221 283
221 224
221 234
221 245
221 243
221 260
221 288
221 292
221 259
221 277
221 313
221 258
221 246
221 236
221 274
221 223
221 228
221 296
221 229
221 251
221 301
221 275
221 230
221 268
221 264
221 250
221 280
221 281
279 283
279 288
279 292
279 313
279 296
279 301
279 280
279 281
273 283
273 288
273 292
273 277
273 313
273 274
273 296
273 301
273 275
273 280
273 281
273 279
252 283
252 260
252 288
252 292
252 259
252 277
252 313
252 258
252 274
252 296
252 301
252 275
252 268
252 264
252 280
252 281
252 279
252 273
282 283
282 288
282 292
282 313
282 296
282 301
261 283
261 288
261 292
261 277
261 313
261 274
261 296
261 301
261 275
261 268
261 264
261 280
261 281
261 279
261 273
261 282
270 283
270 288
270 292
270 277
270 313
270 274
270 296
270 301
270 275
270 280
270 281
270 279
270 273
270 282
291 292
291 313
291 296
291 301
285 288
285 292
285 313
285 296
285 301
285 291
285 327
285 337
253 283
253 260
253 288
253 292
253 259
253 277
253 313
253 258
253 274
253 296
253 301
253 275
253 268
253 264
253 280
253 281
253 279
253 273
253 282
253 261
253 270
253 291
253 327
253 337
253 285
305 313
305 327
305 337
257 283
257 260
257 288
257 292
257 259
257 277
257 313
257 258
257 274
257 296
257 301
257 275
257 268
257 264
257 280
257 281
257 279
257 273
257 282
257 261
257 270
257 291
257 327
257 337
257 285
257 305
262 283
262 288
262 292
262 277
262 313
262 274
262 296
262 301
262 275
262 268
262 264
262 280
262 281
262 279
262 273
262 282
262 270
262 291
262 327
262 337
262 285
262 305
336 337
240 249
240 241
240 244
240 283
240 245
240 243
240 260
240 288
240 292
240 259
240 277
240 313
240 258
240 246
240 274
240 296
240 251
240 301
240 275
240 268
240 264
240 250
240 280
240 281
240 279
240 273
240 252
240 282
240 261
240 270
240 291
240 327
240 337
240 285
240 253
240 305
240 257
240 262
240 336
238 239
238 249
238 241
238 244
238 283
238 245
238 243
238 260
238 288
238 292
238 259
238 277
238 313
238 258
238 246
238 274
238 296
238 251
238 301
238 275
238 268
238 264
238 250
238 280
238 281
238 279
238 273
238 252
238 282
238 261
238 270
238 291
238 327
238 337
238 285
238 253
238 305
238 257
238 262
238 336
238 240
289 292
289 313
289 296
289 301
289 291
289 327
289 337
289 305
289 336
256 283
256 260
256 288
256 292
256 259
256 277
256 313
256 258
256 274
256 296
256 301
256 275
256 268
256 264
256 280
256 281
256 279
256 273
256 282
256 261
256 270
256 291
256 327
256 337
256 285
256 305
256 257
256 262
256 336
256 289
256 344
328 337
328 336
328 344
272 283
272 288
272 292
272 277
272 313
272 274
272 296
272 301
272 275
272 280
272 281
272 279
272 273
272 282
272 291
272 327
272 337
272 285
272 305
272 336
272 289
272 344
272 328
265 283
265 288
265 292
265 277
265 313
265 274
265 296
265 301
265 275
265 268
265 280
265 281
265 279
265 273
265 282
265 270
265 291
265 327
265 337
265 285
265 305
265 336
265 289
265 344
265 328
265 272
297 313
297 301
297 327
297 337
297 305
297 336
297 344
297 328
319 327
319 337
319 336
319 344
319 328
303 313
303 327
303 337
303 305
303 336
303 344
303 328
303 319
248 249
248 283
248 260
248 288
248 292
248 259
248 277
248 313
248 258
248 274
248 296
248 251
248 301
248 275
248 268
248 264
248 250
248 280
248 281
248 279
248 273
248 252
248 282
248 261
248 270
248 291
248 327
248 337
248 285
248 253
248 305
248 257
248 262
248 336
248 289
248 344
248 256
248 328
248 272
248 265
248 297
248 319
248 303
299 313
299 301
299 327
299 337
299 305
299 336
299 344
299 328
299 319
299 303
266 283
266 288
266 292
266 277
266 313
266 274
266 296
266 301
266 275
266 268
266 280
266 281
266 279
266 273
266 282
266 270
266 291
266 327
266 337
266 285
266 305
266 336
266 289
266 344
266 328
266 272
266 297
266 319
266 303
266 299
242 249
242 244
242 283
242 245
242 243
242 260
242 288
242 292
242 259
242 277
242 313
242 258
242 246
242 274
242 296
242 251
242 301
242 275
242 268
242 264
242 250
242 280
242 281
242 279
242 273
242 252
242 282
242 261
242 270
242 291
242 327
242 337
242 285
242 253
242 305
242 257
242 262
242 336
242 289
242 344
242 256
242 328
242 272
242 265
242 297
242 319
242 303
242 248
242 299
242 266
247 249
247 283
247 260
247 288
247 292
247 259
247 277
247 313
247 258
247 274
247 296
247 251
247 301
247 275
247 268
247 264
247 250
247 280
247 281
247 279
247 273
247 252
247 282
247 261
247 270
247 291
247 327
247 337
247 285
247 253
247 305
247 257
247 262
247 336
247 289
247 344
247 256
247 328
247 272
247 265
247 297
247 319
247 303
247 248
247 299
247 266
271 283
271 288
271 292
271 277
271 313
271 274
271 296
271 301
271 275
271 280
271 281
271 279
271 273
271 282
271 291
271 327
271 337
271 285
271 305
271 336
271 289
271 344
271 328
271 272
271 297
271 319
271 303
271 299
271 387
269 283
269 288
269 292
269 277
269 313
269 274
269 296
269 301
269 275
269 280
269 281
269 279
269 273
269 282
269 270
269 291
269 327
269 337
269 285
269 305
269 336
269 289
269 344
269 328
269 272
269 297
269 319
269 303
269 299
269 387
269 271
237 239
237 249
237 241
237 244
237 283
237 245
237 243
237 260
237 288
237 292
237 259
237 277
237 313
237 258
237 246
237 274
237 296
237 251
237 301
237 275
237 268
237 264
237 250
237 280
237 281
237 279
237 273
237 252
237 282
237 261
237 270
237 291
237 327
237 337
237 285
237 253
237 305
237 257
237 262
237 336
237 240
237 238
237 289
237 344
237 256
237 328
237 272
237 265
237 297
237 319
237 303
237 248
237 299
237 266
237 242
237 247
237 387
237 271
237 269
307 313
307 327
307 337
307 336
307 344
307 328
307 319
307 387
233 239
233 249
233 241
233 244
233 235
233 283
233 234
233 245
233 243
233 260
233 288
233 292
233 259
233 277
233 313
233 258
233 246
233 236
233 274
233 296
233 251
233 301
233 275
233 268
233 264
233 250
233 280
233 281
233 279
233 273
233 252
233 282
233 261
233 270
233 291
233 327
233 337
233 285
233 253
233 305
233 257
233 262
233 336
233 240
233 238
233 289
233 344
233 256
233 328
233 272
233 265
233 297
233 319
233 303
233 248
233 299
233 266
233 242
233 247
233 387
233 271
233 269
233 237
233 307
255 283
255 260
255 288
255 292
255 259
255 277
255 313
255 258
255 274
255 296
255 301
255 275
255 268
255 264
255 280
255 281
255 279
255 273
255 282
255 261
255 270
255 291
255 327
255 337
255 285
255 305
255 257
255 262
255 336
255 289
255 344
255 256
255 328
255 272
255 265
255 297
255 319
255 303
255 299
255 266
255 387
255 271
255 269
255 307
278 283
278 288
278 292
278 313
278 296
278 301
278 280
278 281
278 279
278 282
278 291
278 327
278 337
278 285
278 305
278 336
278 289
278 344
278 328
278 297
278 319
278 303
278 299
278 387
278 307
267 283
267 288
267 292
267 277
267 313
267 274
267 296
267 301
267 275
267 268
267 280
267 281
267 279
267 273
267 282
267 270
267 291
267 327
267 337
267 285
267 305
267 336
267 289
267 344
267 328
267 272
267 297
267 319
267 303
267 299
267 387
267 271
267 269
267 307
267 278
329 337
329 336
329 344
329 387
317 327
317 337
317 336
317 344
317 328
317 319
317 387
317 329
287 288
287 292
287 313
287 296
287 301
287 291
287 327
287 337
287 305
287 336
287 289
287 344
287 328
287 297
287 319
287 303
287 299
287 387
287 307
287 329
287 317
318 327
318 337
318 336
318 344
318 328
318 319
318 387
318 329
311 313
311 327
311 337
311 336
311 344
311 328
311 319
311 387
311 329
311 317
311 318
330 337
330 336
330 344
330 387
330 392
293 313
293 296
293 301
293 327
293 337
293 305
293 336
293 344
293 328
293 297
293 319
293 303
293 299
293 387
293 307
293 329
293 317
293 318
293 311
293 392
293 330
325 327
325 337
325 336
325 344
325 328
325 387
325 329
325 392
325 330
342 344
342 387
342 392
321 327
321 337
321 336
321 344
321 328
321 387
321 329
321 392
321 330
321 325
321 342
263 283
263 288
263 292
263 277
263 313
263 274
263 296
263 301
263 275
263 268
263 264
263 280
263 281
263 279
263 273
263 282
263 270
263 291
263 327
263 337
263 285
263 305
263 336
263 289
263 344
263 328
263 272
263 265
263 297
263 319
263 303
263 299
263 266
263 387
263 271
263 269
263 307
263 278
263 267
263 329
263 317
263 287
263 318
263 311
263 392
263 330
263 293
263 325
263 342
263 321
286 288
286 292
286 313
286 296
286 301
286 291
286 327
286 337
286 305
286 336
286 289
286 344
286 328
286 297
286 319
286 303
286 299
286 387
286 307
286 329
286 317
286 287
286 318
286 311
286 392
286 330
286 293
286 325
286 342
286 321
314 327
314 337
314 336
314 344
314 328
314 319
314 387
314 329
314 317
314 318
314 392
314 330
314 325
314 342
314 321
372 387
372 392
369 387
369 392
369 372
290 292
290 313
290 296
290 301
290 291
290 327
290 337
290 305
290 336
290 344
290 328
290 297
290 319
290 303
290 299
290 387
290 307
290 329
290 317
290 318
290 311
290 392
290 330
290 293
290 325
290 342
290 321
290 314
290 372
290 369
356 387
356 392
356 372
356 369
254 283
254 260
254 288
254 292
254 259
254 277
254 313
254 258
254 274
254 296
254 301
254 275
254 268
254 264
254 280
254 281
254 279
254 273
254 282
254 261
254 270
254 291
254 327
254 337
254 285
254 305
254 257
254 262
254 336
254 289
254 344
254 256
254 328
254 272
254 265
254 297
254 319
254 303
254 299
254 266
254 387
254 271
254 269
254 307
254 255
254 278
254 267
254 329
254 317
254 287
254 318
254 311
254 392
254 330
254 293
254 325
254 342
254 321
254 263
254 286
254 314
254 372
254 369
254 290
254 356
363 387
363 392
363 372
363 369
322 327
322 337
322 336
322 344
322 328
322 387
322 329
322 392
322 330
322 325
322 342
322 372
322 369
322 356
322 363
362 387
362 392
362 372
362 369
362 363
294 313
294 296
294 301
294 327
294 337
294 305
294 336
294 344
294 328
294 297
294 319
294 303
294 299
294 387
294 307
294 329
294 317
294 318
294 311
294 392
294 330
294 325
294 342
294 321
294 314
294 372
294 369
294 356
294 363
294 322
294 362
298 313
298 301
298 327
298 337
298 305
298 336
298 344
298 328
298 319
298 303
298 299
298 387
298 307
298 329
298 317
298 318
298 311
298 392
298 330
298 325
298 342
298 321
298 314
298 372
298 369
298 356
298 363
298 322
298 362
353 387
353 392
353 372
353 369
353 356
353 363
353 362
347 387
347 392
347 372
347 369
347 356
347 363
347 362
347 353
284 288
284 292
284 313
284 296
284 301
284 291
284 327
284 337
284 285
284 305
284 336
284 289
284 344
284 328
284 297
284 319
284 303
284 299
284 387
284 307
284 329
284 317
284 287
284 318
284 311
284 392
284 330
284 293
284 325
284 342
284 321
284 286
284 314
284 372
284 369
284 290
284 356
284 363
284 322
284 362
284 294
284 298
284 353
284 347
302 313
302 327
302 337
302 305
302 336
302 344
302 328
302 319
302 303
302 387
302 307
302 329
302 317
302 318
302 311
302 392
302 330
302 325
302 342
302 321
302 314
302 372
302 369
302 356
302 363
302 322
302 362
302 353
302 347
300 313
300 301
300 327
300 337
300 305
300 336
300 344
300 328
300 319
300 303
300 387
300 307
300 329
300 317
300 318
300 311
300 392
300 330
300 325
300 342
300 321
300 314
300 372
300 369
300 356
300 363
300 322
300 362
300 353
300 347
300 302
310 313
310 327
310 337
310 336
310 344
310 328
310 319
310 387
310 329
310 317
310 318
310 311
310 392
310 330
310 325
310 342
310 321
310 314
310 372
310 369
310 356
310 363
310 322
310 362
310 353
310 347
384 387
384 392
332 337
332 336
332 344
332 387
332 392
332 342
332 372
332 369
332 356
332 363
332 362
332 353
332 347
332 384
351 387
351 392
351 372
351 369
351 356
351 363
351 362
351 353
351 384
304 313
304 327
304 337
304 305
304 336
304 344
304 328
304 319
304 387
304 307
304 329
304 317
304 318
304 311
304 392
304 330
304 325
304 342
304 321
304 314
304 372
304 369
304 356
304 363
304 322
304 362
304 353
304 347
304 310
304 384
304 332
304 351
308 313
308 327
308 337
308 336
308 344
308 328
308 319
308 387
308 329
308 317
308 318
308 311
308 392
308 330
308 325
308 342
308 321
308 314
308 372
308 369
308 356
308 363
308 322
308 362
308 353
308 347
308 310
308 384
308 332
308 351
309 313
309 327
309 337
309 336
309 344
309 328
309 319
309 387
309 329
309 317
309 318
309 311
309 392
309 330
309 325
309 342
309 321
309 314
309 372
309 369
309 356
309 363
309 322
309 362
309 353
309 347
309 310
309 384
309 332
309 351
312 313
312 327
312 337
312 336
312 344
312 328
312 319
312 387
312 329
312 317
312 318
312 392
312 330
312 325
312 342
312 321
312 314
312 372
312 369
312 356
312 363
312 322
312 362
312 353
312 347
312 384
312 332
312 351
339 344
339 387
339 392
339 342
339 372
339 369
339 356
339 363
339 362
339 353
339 347
339 384
339 351
324 327
324 337
324 336
324 344
324 328
324 387
324 329
324 392
324 330
324 325
324 342
324 372
324 369
324 356
324 363
324 362
324 353
324 347
324 384
324 332
324 351
324 339
355 387
355 392
355 372
355 369
355 356
355 363
355 362
355 384
315 327
315 337
315 336
315 344
315 328
315 319
315 387
315 329
315 317
315 318
315 392
315 330
315 325
315 342
315 321
315 372
315 369
315 356
315 363
315 322
315 362
315 353
315 347
315 384
315 332
315 351
315 339
315 324
315 355
349 387
349 392
349 372
349 369
349 356
349 363
349 362
349 353
349 384
349 351
349 355
360 387
360 392
360 372
360 369
360 363
360 362
360 384
306 313
306 327
306 337
306 336
306 344
306 328
306 319
306 387
306 307
306 329
306 317
306 318
306 311
306 392
306 330
306 325
306 342
306 321
306 314
306 372
306 369
306 356
306 363
306 322
306 362
306 353
306 347
306 310
306 384
306 332
306 351
306 308
306 309
306 312
306 339
306 324
306 355
306 315
306 349
306 360
357 387
357 392
357 372
357 369
357 363
357 362
357 384
357 360
338 344
338 387
338 392
338 342
338 372
338 369
338 356
338 363
338 362
338 353
338 347
338 384
338 351
338 339
338 355
338 349
338 360
338 357
334 337
334 336
334 344
334 387
334 392
334 342
334 372
334 369
334 356
334 363
334 362
334 353
334 347
334 384
334 351
334 339
334 355
334 349
334 360
334 357
334 338
345 387
345 392
345 372
345 369
345 356
345 363
345 362
345 353
345 347
345 384
345 351
345 355
345 349
345 360
345 357
276 283
276 288
276 292
276 277
276 313
276 296
276 301
276 280
276 281
276 279
276 282
276 291
276 327
276 337
276 285
276 305
276 336
276 289
276 344
276 328
276 297
276 319
276 303
276 299
276 387
276 307
276 278
276 329
276 317
276 287
276 318
276 311
276 392
276 330
276 293
276 325
276 342
276 321
276 286
276 314
276 372
276 369
276 290
276 356
276 363
276 322
276 362
276 294
276 298
276 353
276 347
276 284
276 302
276 300
276 310
276 384
276 332
276 351
276 304
276 308
276 309
276 312
276 339
276 324
276 355
276 315
276 349
276 360
276 306
276 357
276 338
276 334
276 345
276 401
350 387
350 392
350 372
350 369
350 356
350 363
350 362
350 353
350 384
350 351
350 355
350 360
350 357
350 401
320 327
320 337
320 336
320 344
320 328
320 387
320 329
320 392
320 330
320 325
320 342
320 321
320 372
320 369
320 356
320 363
320 322
320 362
320 353
320 347
320 384
320 332
320 351
320 339
320 324
320 355
320 349
320 360
320 357
320 338
320 334
320 345
320 401
320 350
386 387
386 392
386 401
341 344
341 387
341 392
341 342
341 372
341 369
341 356
341 363
341 362
341 353
341 347
341 384
341 351
341 355
341 349
341 360
341 357
341 345
341 401
341 350
341 386
385 387
385 392
385 401
385 386
394 401
383 387
383 392
383 384
383 401
383 386
383 385
383 394
371 387
371 392
371 372
371 384
371 401
371 386
371 385
371 394
371 383
335 337
335 336
335 344
335 387
335 392
335 342
335 372
335 369
335 356
335 363
335 362
335 353
335 347
335 384
335 351
335 339
335 355
335 349
335 360
335 357
335 338
335 345
335 401
335 350
335 386
335 341
335 385
335 394
335 383
335 371
295 313
295 296
295 301
295 327
295 337
295 305
295 336
295 344
295 328
295 297
295 319
295 303
295 299
295 387
295 307
295 329
295 317
295 318
295 311
295 392
295 330
295 325
295 342
295 321
295 314
295 372
295 369
295 356
295 363
295 322
295 362
295 298
295 353
295 347
295 302
295 300
295 310
295 384
295 332
295 351
295 304
295 308
295 309
295 312
295 339
295 324
295 355
295 315
295 349
295 360
295 306
295 357
295 338
295 334
295 345
295 401
295 350
295 320
295 386
295 341
295 385
295 394
295 383
295 371
295 335
348 387
348 392
348 372
348 369
348 356
348 363
348 362
348 353
348 384
348 351
348 355
348 349
348 360
348 357
348 401
348 350
348 386
348 385
348 394
348 383
348 371
323 327
323 337
323 336
323 344
323 328
323 387
323 329
323 392
323 330
323 325
323 342
323 372
323 369
323 356
323 363
323 362
323 353
323 347
323 384
323 332
323 351
323 339
323 324
323 355
323 349
323 360
323 357
323 338
323 334
323 345
323 401
323 350
323 386
323 341
323 385
323 394
323 383
323 371
323 335
323 348
358 387
358 392
358 372
358 369
358 363
358 362
358 384
358 360
358 401
358 386
358 385
358 394
358 383
358 371
366 387
366 392
366 372
366 369
366 384
366 401
366 386
366 385
366 394
366 383
366 371
340 344
340 387
340 392
340 342
340 372
340 369
340 356
340 363
340 362
340 353
340 347
340 384
340 351
340 355
340 349
340 360
340 357
340 345
340 401
340 350
340 386
340 341
340 385
340 394
340 383
340 371
340 348
340 358
340 366
354 387
354 392
354 372
354 369
354 356
354 363
354 362
354 384
354 355
354 360
354 357
354 401
354 386
354 385
354 394
354 383
354 371
354 358
354 366
373 387
373 392
373 384
373 401
373 386
373 385
373 394
373 383
377 387
377 392
377 384
377 401
377 386
377 385
377 394
377 383
381 387
381 392
381 384
381 401
381 386
381 385
381 394
381 383
331 337
331 336
331 344
331 387
331 392
331 342
331 372
331 369
331 356
331 363
331 362
331 353
331 347
331 384
331 332
331 351
331 339
331 355
331 349
331 360
331 357
331 338
331 334
331 345
331 401
331 350
331 386
331 341
331 385
331 394
331 383
331 371
331 335
331 348
331 358
331 366
331 340
331 354
331 373
331 377
331 381
326 327
326 337
326 336
326 344
326 328
326 387
326 329
326 392
326 330
326 342
326 372
326 369
326 356
326 363
326 362
326 353
326 347
326 384
326 332
326 351
326 339
326 355
326 349
326 360
326 357
326 338
326 334
326 345
326 401
326 350
326 386
326 341
326 385
326 394
326 383
326 371
326 335
326 348
326 358
326 366
326 340
326 354
326 373
326 377
326 381
326 331
326 403
361 387
361 392
361 372
361 369
361 363
361 362
361 384
361 401
361 386
361 385
361 394
361 383
361 371
361 366
361 373
361 377
361 381
361 403
388 392
388 401
388 394
388 403
396 401
396 403
409 412
365 387
365 392
365 372
365 369
365 384
365 401
365 386
365 385
365 394
365 383
365 371
365 366
365 373
365 377
365 381
365 403
365 388
365 396
365 412
365 409
365 462
370 387
370 392
370 372
370 384
370 401
370 386
370 385
370 394
370 383
370 371
370 373
370 377
370 381
370 403
370 388
370 396
370 412
370 409
370 462
422 462
333 337
333 336
333 344
333 387
333 392
333 342
333 372
333 369
333 356
333 363
333 362
333 353
333 347
333 384
333 351
333 339
333 355
333 349
333 360
333 357
333 338
333 334
333 345
333 401
333 350
333 386
333 341
333 385
333 394
333 383
333 371
333 335
333 348
333 358
333 366
333 340
333 354
333 373
333 377
333 381
333 403
333 361
333 388
333 396
333 412
333 409
333 462
333 365
333 370
333 422
346 387
346 392
346 372
346 369
346 356
346 363
346 362
346 353
346 347
346 384
346 351
346 355
346 349
346 360
346 357
346 401
346 350
346 386
346 385
346 394
346 383
346 371
346 348
346 358
346 366
346 354
346 373
346 377
346 381
346 403
346 361
346 388
346 396
346 412
346 409
346 462
346 365
346 370
346 422
398 401
398 403
398 412
398 409
398 462
398 422
414 462
414 422
359 387
359 392
359 372
359 369
359 363
359 362
359 384
359 360
359 401
359 386
359 385
359 394
359 383
359 371
359 366
359 373
359 377
359 381
359 403
359 361
359 388
359 396
359 412
359 409
359 462
359 365
359 370
359 422
359 398
359 414
367 387
367 392
367 372
367 369
367 384
367 401
367 386
367 385
367 394
367 383
367 371
367 373
367 377
367 381
367 403
367 388
367 396
367 412
367 409
367 462
367 370
367 422
367 398
367 414
375 387
375 392
375 384
375 401
375 386
375 385
375 394
375 383
375 377
375 381
375 403
375 388
375 396
375 412
375 409
375 462
375 422
375 398
375 414
316 327
316 337
316 336
316 344
316 328
316 319
316 387
316 329
316 317
316 318
316 392
316 330
316 325
316 342
316 321
316 372
316 369
316 356
316 363
316 322
316 362
316 353
316 347
316 384
316 332
316 351
316 339
316 324
316 355
316 349
316 360
316 357
316 338
316 334
316 345
316 401
316 350
316 320
316 386
316 341
316 385
316 394
316 383
316 371
316 335
316 348
316 323
316 358
316 366
316 340
316 354
316 373
316 377
316 381
316 331
316 403
316 326
316 361
316 388
316 396
316 412
316 409
316 462
316 365
316 370
316 422
316 333
316 346
316 398
316 414
316 359
316 367
316 375
389 392
389 401
389 394
389 403
389 396
389 412
389 409
389 462
389 422
389 398
389 414
374 387
374 392
374 384
374 401
374 386
374 385
374 394
374 383
374 377
374 381
374 403
374 388
374 396
374 412
374 409
374 462
374 422
374 398
374 414
374 375
374 389
364 387
364 392
364 372
364 369
364 384
364 401
364 386
364 385
364 394
364 383
364 371
364 366
364 373
364 377
364 381
364 403
364 388
364 396
364 412
364 409
364 462
364 365
364 370
364 422
364 398
364 414
364 367
364 375
364 389
364 374
382 387
382 392
382 384
382 401
382 386
382 385
382 394
382 383
382 403
382 388
382 396
382 412
382 409
382 462
382 422
382 398
382 414
382 389
352 387
352 392
352 372
352 369
352 356
352 363
352 362
352 353
352 384
352 355
352 360
352 357
352 401
352 386
352 385
352 394
352 383
352 371
352 358
352 366
352 354
352 373
352 377
352 381
352 403
352 361
352 388
352 396
352 412
352 409
352 462
352 365
352 370
352 422
352 398
352 414
352 359
352 367
352 375
352 389
352 374
352 364
352 382
395 401
395 403
395 396
395 412
395 409
395 462
395 422
395 398
395 414
368 387
368 392
368 372
368 369
368 384
368 401
368 386
368 385
368 394
368 383
368 371
368 373
368 377
368 381
368 403
368 388
368 396
368 412
368 409
368 462
368 370
368 422
368 398
368 414
368 375
368 389
368 374
368 382
368 395
380 387
380 392
380 384
380 401
380 386
380 385
380 394
380 383
380 381
380 403
380 388
380 396
380 412
380 409
380 462
380 422
380 398
380 414
380 389
380 382
380 395
411 412
411 462
411 422
411 414
393 401
393 394
393 403
393 396
393 412
393 409
393 462
393 422
393 398
393 414
393 395
393 411
425 462
419 462
419 422
419 425
424 462
424 425
405 412
405 409
405 462
405 422
405 414
405 411
405 425
405 419
405 424
415 462
415 422
415 425
415 419
415 424
390 392
390 401
390 394
390 403
390 396
390 412
390 409
390 462
390 422
390 398
390 414
390 395
390 411
390 393
390 425
390 419
390 424
390 405
390 415
343 344
343 387
343 392
343 372
343 369
343 356
343 363
343 362
343 353
343 347
343 384
343 351
343 355
343 349
343 360
343 357
343 345
343 401
343 350
343 386
343 385
343 394
343 383
343 371
343 348
343 358
343 366
343 354
343 373
343 377
343 381
343 403
343 361
343 388
343 396
343 412
343 409
343 462
343 365
343 370
343 422
343 346
343 398
343 414
343 359
343 367
343 375
343 389
343 374
343 364
343 382
343 352
343 395
343 368
343 380
343 411
343 393
343 425
343 419
343 424
343 405
343 415
343 390
421 462
421 422
421 425
421 424
404 412
404 409
404 462
404 422
404 414
404 411
404 425
404 419
404 424
404 405
404 415
404 421
440 462
433 462
433 440
458 462
378 387
378 392
378 384
378 401
378 386
378 385
378 394
378 383
378 381
378 403
378 388
378 396
378 412
378 409
378 462
378 422
378 398
378 414
378 389
378 382
378 395
378 380
378 411
378 393
378 425
378 419
378 424
378 405
378 415
378 390
378 421
378 404
378 440
378 433
378 458
376 387
376 392
376 384
376 401
376 386
376 385
376 394
376 383
376 377
376 381
376 403
376 388
376 396
376 412
376 409
376 462
376 422
376 398
376 414
376 389
376 382
376 395
376 380
376 411
376 393
376 425
376 419
376 424
376 405
376 415
376 390
376 421
376 404
376 440
376 433
376 458
376 378
410 412
410 462
410 422
410 414
410 411
410 425
410 419
410 424
410 415
410 421
410 440
410 433
410 458
431 462
431 440
431 433
431 458
431 477
457 462
457 458
457 477
408 412
408 409
408 462
408 422
408 414
408 411
408 425
408 419
408 424
408 415
408 421
408 440
408 433
408 458
408 410
408 477
408 431
408 457
420 462
420 422
420 425
420 424
420 421
420 440
420 433
420 458
420 477
420 431
420 457
442 462
442 458
442 477
442 457
442 493
400 401
400 403
400 412
400 409
400 462
400 422
400 414
400 411
400 425
400 419
400 424
400 405
400 415
400 421
400 404
400 440
400 433
400 458
400 410
400 477
400 431
400 457
400 408
400 420
400 493
400 442
406 412
406 409
406 462
406 422
406 414
406 411
406 425
406 419
406 424
406 415
406 421
406 440
406 433
406 458
406 410
406 477
406 431
406 457
406 408
406 420
406 493
406 442
435 462
435 440
435 458
435 477
435 457
435 493
435 442
429 462
429 440
429 433
429 458
429 477
429 431
429 457
429 493
429 442
429 435
449 462
449 458
449 477
449 457
449 493
432 462
432 440
432 433
432 458
432 477
432 457
432 493
432 442
432 435
432 449
434 462
434 440
434 458
434 477
434 457
434 493
434 442
434 435
434 449
397 401
397 403
397 412
397 409
397 462
397 422
397 398
397 414
397 411
397 425
397 419
397 424
397 405
397 415
397 421
397 404
397 440
397 433
397 458
397 410
397 477
397 431
397 457
397 408
397 420
397 493
397 442
397 400
397 406
397 435
397 429
397 449
397 432
397 434
402 403
402 412
402 409
402 462
402 422
402 414
402 411
402 425
402 419
402 424
402 405
402 415
402 421
402 404
402 440
402 433
402 458
402 410
402 477
402 431
402 457
402 408
402 420
402 493
402 442
402 406
402 435
402 429
402 449
402 432
402 434
379 387
379 392
379 384
379 401
379 386
379 385
379 394
379 383
379 381
379 403
379 388
379 396
379 412
379 409
379 462
379 422
379 398
379 414
379 389
379 382
379 395
379 380
379 411
379 393
379 425
379 419
379 424
379 405
379 415
379 390
379 421
379 404
379 440
379 433
379 458
379 410
379 477
379 431
379 457
379 408
379 420
379 493
379 442
379 400
379 406
379 435
379 429
379 449
379 432
379 434
379 397
379 402
379 519
454 462
454 458
454 477
454 457
454 493
454 519
467 477
467 493
467 519
451 462
451 458
451 477
451 457
451 493
451 519
451 454
451 467
444 462
444 458
444 477
444 457
444 493
444 449
444 519
444 454
444 467
444 451
399 401
399 403
399 412
399 409
399 462
399 422
399 414
399 411
399 425
399 419
399 424
399 405
399 415
399 421
399 404
399 440
399 433
399 458
399 410
399 477
399 431
399 457
399 408
399 420
399 493
399 442
399 400
399 406
399 435
399 429
399 449
399 432
399 434
399 402
399 519
399 454
399 467
399 451
399 444
459 462
459 477
459 493
459 519
459 467
416 462
416 422
416 425
416 419
416 424
416 421
416 440
416 433
416 458
416 477
416 431
416 457
416 420
416 493
416 442
416 435
416 429
416 449
416 432
416 434
416 519
416 454
416 467
416 451
416 444
416 459
469 477
469 493
469 519
453 462
453 458
453 477
453 457
453 493
453 519
453 454
453 467
453 459
453 469
448 462
448 458
448 477
448 457
448 493
448 449
448 519
448 454
448 467
448 451
448 459
448 469
448 453
450 462
450 458
450 477
450 457
450 493
450 519
450 454
450 467
450 451
450 459
450 469
450 453
470 477
470 493
470 519
460 462
460 477
460 493
460 519
460 467
460 469
460 470
427 462
427 440
427 433
427 458
427 477
427 431
427 457
427 493
427 442
427 435
427 429
427 449
427 432
427 434
427 519
427 454
427 467
427 451
427 444
427 459
427 469
427 453
427 448
427 450
427 470
427 460
446 462
446 458
446 477
446 457
446 493
446 449
446 519
446 454
446 467
446 451
446 459
446 469
446 453
446 448
446 450
446 470
446 460
428 462
428 440
428 433
428 458
428 477
428 431
428 457
428 493
428 442
428 435
428 429
428 449
428 432
428 434
428 519
428 454
428 467
428 451
428 444
428 459
428 469
428 453
428 448
428 450
428 470
428 460
428 446
479 493
479 519
466 477
466 493
466 519
466 467
466 469
466 470
466 479
445 462
445 458
445 477
445 457
445 493
445 449
445 519
445 454
445 467
445 451
445 459
445 469
445 453
445 448
445 450
445 470
445 460
445 446
445 479
445 466
481 493
481 519
438 462
438 440
438 458
438 477
438 457
438 493
438 442
438 449
438 519
438 454
438 467
438 451
438 444
438 459
438 469
438 453
438 448
438 450
438 470
438 460
438 446
438 479
438 466
438 445
438 481
413 462
413 422
413 414
413 425
413 419
413 424
413 415
413 421
413 440
413 433
413 458
413 477
413 431
413 457
413 420
413 493
413 442
413 435
413 429
413 449
413 432
413 434
413 519
413 454
413 467
413 451
413 444
413 459
413 416
413 469
413 453
413 448
413 450
413 470
413 460
413 427
413 446
413 428
413 479
413 466
413 445
413 481
413 438
447 462
447 458
447 477
447 457
447 493
447 449
447 519
447 454
447 467
447 451
447 459
447 469
447 453
447 448
447 450
447 470
447 460
447 479
447 466
447 481
471 477
471 493
471 519
471 479
471 481
501 519
494 519
494 501
468 477
468 493
468 519
468 469
468 470
468 479
468 481
468 471
468 501
468 494
468 536
441 462
441 458
441 477
441 457
441 493
441 442
441 449
441 519
441 454
441 467
441 451
441 444
441 459
441 469
441 453
441 448
441 450
441 470
441 460
441 446
441 479
441 466
441 445
441 481
441 447
441 471
441 501
441 494
441 536
441 468
463 477
463 493
463 519
463 467
463 469
463 470
463 479
463 466
463 481
463 471
463 501
463 494
463 536
463 468
443 462
443 458
443 477
443 457
443 493
443 449
443 519
443 454
443 467
443 451
443 444
443 459
443 469
443 453
443 448
443 450
443 470
443 460
443 446
443 479
443 466
443 445
443 481
443 447
443 471
443 501
443 494
443 536
443 468
443 463
472 477
472 493
472 519
472 479
472 481
472 501
472 494
472 536
508 519
508 536
423 462
423 425
423 424
423 440
423 433
423 458
423 477
423 431
423 457
423 493
423 442
423 435
423 429
423 449
423 432
423 434
423 519
423 454
423 467
423 451
423 444
423 459
423 469
423 453
423 448
423 450
423 470
423 460
423 427
423 446
423 428
423 479
423 466
423 445
423 481
423 438
423 447
423 471
423 501
423 494
423 536
423 468
423 441
423 463
423 443
423 472
423 508
391 392
391 401
391 394
391 403
391 396
391 412
391 409
391 462
391 422
391 398
391 414
391 395
391 411
391 393
391 425
391 419
391 424
391 405
391 415
391 421
391 404
391 440
391 433
391 458
391 410
391 477
391 431
391 457
391 408
391 420
391 493
391 442
391 400
391 406
391 435
391 429
391 449
391 432
391 434
391 397
391 402
391 519
391 454
391 467
391 451
391 444
391 399
391 459
391 416
391 469
391 453
391 448
391 450
391 470
391 460
391 427
391 446
391 428
391 479
391 466
391 445
391 481
391 438
391 413
391 447
391 471
391 501
391 494
391 536
391 468
391 441
391 463
391 443
391 472
391 508
391 423
430 462
430 440
430 433
430 458
430 477
430 431
430 457
430 493
430 442
430 435
430 449
430 432
430 434
430 519
430 454
430 467
430 451
430 444
430 459
430 469
430 453
430 448
430 450
430 470
430 460
430 446
430 479
430 466
430 445
430 481
430 438
430 447
430 471
430 501
430 494
430 536
430 468
430 441
430 463
430 443
430 472
430 508
486 493
486 519
486 501
486 494
486 536
486 508
426 462
426 440
426 433
426 458
426 477
426 431
426 457
426 493
426 442
426 435
426 429
426 449
426 432
426 434
426 519
426 454
426 467
426 451
426 444
426 459
426 469
426 453
426 448
426 450
426 470
426 460
426 427
426 446
426 428
426 479
426 466
426 445
426 481
426 438
426 447
426 471
426 501
426 494
426 536
426 468
426 441
426 463
426 443
426 472
426 508
426 430
426 486
532 536
488 493
488 519
488 501
488 494
488 536
488 508
488 532
488 538
418 462
418 422
418 425
418 419
418 424
418 421
418 440
418 433
418 458
418 477
418 431
418 457
418 420
418 493
418 442
418 435
418 429
418 449
418 432
418 434
418 519
418 454
418 467
418 451
418 444
418 459
418 469
418 453
418 448
418 450
418 470
418 460
418 427
418 446
418 428
418 479
418 466
418 445
418 481
418 438
418 447
418 471
418 501
418 494
418 536
418 468
418 441
418 463
418 443
418 472
418 508
418 423
418 430
418 486
418 426
418 532
418 538
418 488
502 519
502 536
502 508
502 532
502 538
461 462
461 477
461 493
461 519
461 467
461 469
461 470
461 479
461 466
461 481
461 471
461 501
461 494
461 536
461 468
461 463
461 472
461 508
461 486
461 532
461 538
461 488
461 502
500 519
500 501
500 536
500 508
500 532
500 538
500 502
452 462
452 458
452 477
452 457
452 493
452 519
452 454
452 467
452 459
452 469
452 453
452 470
452 460
452 479
452 466
452 481
452 471
452 501
452 494
452 536
452 468
452 463
452 472
452 508
452 486
452 532
452 538
452 488
452 502
452 461
452 500
522 536
522 532
522 538
509 519
509 536
509 532
509 538
509 522
464 477
464 493
464 519
464 467
464 469
464 470
464 479
464 466
464 481
464 471
464 501
464 494
464 536
464 468
464 472
464 508
464 486
464 532
464 538
464 488
464 502
464 500
464 522
464 509
484 493
484 519
484 501
484 494
484 536
484 508
484 486
484 532
484 538
484 488
484 502
484 500
484 522
484 509
456 462
456 458
456 477
456 457
456 493
456 519
456 467
456 459
456 469
456 470
456 460
456 479
456 466
456 481
456 471
456 501
456 494
456 536
456 468
456 463
456 472
456 508
456 486
456 532
456 538
456 488
456 502
456 461
456 500
456 522
456 509
456 464
456 484
498 519
498 501
498 536
498 508
498 532
498 538
498 502
498 500
498 522
498 509
474 477
474 493
474 519
474 479
474 481
474 501
474 494
474 536
474 508
474 486
474 532
474 538
474 488
474 502
474 500
474 522
474 509
474 484
474 498
491 493
491 519
491 501
491 494
491 536
491 508
491 532
491 538
491 502
491 500
491 522
491 509
491 498
480 493
480 519
480 481
480 501
480 494
480 536
480 508
480 486
480 532
480 538
480 488
480 502
480 500
480 522
480 509
480 484
480 498
480 491
437 462
437 440
437 458
437 477
437 457
437 493
437 442
437 449
437 519
437 454
437 467
437 451
437 444
437 459
437 469
437 453
437 448
437 450
437 470
437 460
437 446
437 479
437 466
437 445
437 481
437 438
437 447
437 471
437 501
437 494
437 536
437 468
437 441
437 463
437 443
437 472
437 508
437 486
437 532
437 538
437 488
437 502
437 461
437 500
437 452
437 522
437 509
437 464
437 484
437 456
437 498
437 474
437 491
437 480
436 462
436 440
436 458
436 477
436 457
436 493
436 442
436 449
436 519
436 454
436 467
436 451
436 444
436 459
436 469
436 453
436 448
436 450
436 470
436 460
436 446
436 479
436 466
436 445
436 481
436 438
436 447
436 471
436 501
436 494
436 536
436 468
436 441
436 463
436 443
436 472
436 508
436 486
436 532
436 538
436 488
436 502
436 461
436 500
436 452
436 522
436 509
436 464
436 484
436 456
436 498
436 474
436 491
436 480
436 437
512 519
512 536
512 532
512 538
512 522
417 462
417 422
417 425
417 419
417 424
417 421
417 440
417 433
417 458
417 477
417 431
417 457
417 420
417 493
417 442
417 435
417 429
417 449
417 432
417 434
417 519
417 454
417 467
417 451
417 444
417 459
417 469
417 453
417 448
417 450
417 470
417 460
417 427
417 446
417 428
417 479
417 466
417 445
417 481
417 438
417 447
417 471
417 501
417 494
417 536
417 468
417 441
417 463
417 443
417 472
417 508
417 423
417 430
417 486
417 426
417 532
417 538
417 488
417 418
417 502
417 461
417 500
417 452
417 522
417 509
417 464
417 484
417 456
417 498
417 474
417 491
417 480
417 437
417 436
417 512
407 412
407 409
407 462
407 422
407 414
407 411
407 425
407 419
407 424
407 415
407 421
407 440
407 433
407 458
407 410
407 477
407 431
407 457
407 408
407 420
407 493
407 442
407 435
407 429
407 449
407 432
407 434
407 519
407 454
407 467
407 451
407 444
407 459
407 416
407 469
407 453
407 448
407 450
407 470
407 460
407 427
407 446
407 428
407 479
407 466
407 445
407 481
407 438
407 413
407 447
407 471
407 501
407 494
407 536
407 468
407 441
407 463
407 443
407 472
407 508
407 423
407 430
407 486
407 426
407 532
407 538
407 488
407 418
407 502
407 461
407 500
407 452
407 522
407 509
407 464
407 484
407 456
407 498
407 474
407 491
407 480
407 437
407 436
407 512
407 417
455 462
455 458
455 477
455 457
455 493
455 519
455 467
455 459
455 469
455 470
455 460
455 479
455 466
455 481
455 471
455 501
455 494
455 536
455 468
455 463
455 472
455 508
455 486
455 532
455 538
455 488
455 502
455 461
455 500
455 522
455 509
455 464
455 484
455 456
455 498
455 474
455 491
455 480
455 512
487 493
487 519
487 501
487 494
487 536
487 508
487 532
487 538
487 488
487 502
487 500
487 522
487 509
487 498
487 491
487 512
496 519
496 501
496 536
496 508
496 532
496 538
496 502
496 500
496 522
496 509
496 498
496 512
523 536
523 532
523 538
475 477
475 493
475 519
475 479
475 481
475 501
475 494
475 536
475 508
475 486
475 532
475 538
475 488
475 502
475 500
475 522
475 509
475 484
475 498
475 491
475 480
475 512
475 487
475 496
475 523
475 547
517 519
517 536
517 532
517 538
517 522
517 523
517 547
507 519
507 536
507 508
507 532
507 538
507 522
507 509
507 512
507 523
507 547
507 517
478 493
478 519
478 479
478 481
478 501
478 494
478 536
478 508
478 486
478 532
478 538
478 488
478 502
478 500
478 522
478 509
478 484
478 498
478 491
478 480
478 512
478 487
478 496
478 523
478 547
478 517
478 507
506 519
506 536
506 508
506 532
506 538
506 522
506 509
506 512
506 523
506 547
506 517
506 507
510 519
510 536
510 532
510 538
510 522
510 512
510 523
510 547
510 517
534 536
534 538
534 547
483 493
483 519
483 501
483 494
483 536
483 508
483 486
483 532
483 538
483 488
483 502
483 500
483 522
483 509
483 484
483 498
483 491
483 512
483 487
483 496
483 523
483 547
483 517
483 507
483 506
483 510
483 534
497 519
497 501
497 536
497 508
497 532
497 538
497 502
497 500
497 522
497 509
497 498
497 512
497 523
497 547
497 517
497 507
497 506
497 510
497 534
542 547
542 549
439 462
439 440
439 458
439 477
439 457
439 493
439 442
439 449
439 519
439 454
439 467
439 451
439 444
439 459
439 469
439 453
439 448
439 450
439 470
439 460
439 446
439 479
439 466
439 445
439 481
439 447
439 471
439 501
439 494
439 536
439 468
439 441
439 463
439 443
439 472
439 508
439 486
439 532
439 538
439 488
439 502
439 461
439 500
439 452
439 522
439 509
439 464
439 484
439 456
439 498
439 474
439 491
439 480
439 512
439 455
439 487
439 496
439 523
439 547
439 475
439 517
439 507
439 478
439 506
439 510
439 534
439 483
439 497
439 549
439 542
518 519
518 536
518 532
518 538
518 522
518 523
518 547
518 534
518 549
518 542
518 553
499 519
499 501
499 536
499 508
499 532
499 538
499 502
499 500
499 522
499 509
499 512
499 523
499 547
499 517
499 507
499 506
499 510
499 534
499 549
499 542
499 553
499 518
473 477
473 493
473 519
473 479
473 481
473 501
473 494
473 536
473 508
473 486
473 532
473 538
473 488
473 502
473 500
473 522
473 509
473 484
473 498
473 474
473 491
473 480
473 512
473 487
473 496
473 523
473 547
473 475
473 517
473 507
473 478
473 506
473 510
473 534
473 483
473 497
473 549
473 542
473 553
473 518
473 499
526 536
526 532
526 538
526 547
526 534
526 549
526 542
526 553
533 536
533 538
533 547
533 534
533 549
533 542
533 553
533 558
504 519
504 536
504 508
504 532
504 538
504 522
504 509
504 512
504 523
504 547
504 517
504 507
504 506
504 510
504 534
504 549
504 542
504 553
504 518
504 526
504 558
504 533
489 493
489 519
489 501
489 494
489 536
489 508
489 532
489 538
489 502
489 500
489 522
489 509
489 498
489 491
489 512
489 496
489 523
489 547
489 517
489 507
489 506
489 510
489 534
489 497
489 549
489 542
489 553
489 518
489 499
489 526
489 558
489 533
489 504
516 519
516 536
516 532
516 538
516 522
516 523
516 547
516 517
516 534
516 549
516 542
516 553
516 518
516 526
516 558
516 533
515 519
515 536
515 532
515 538
515 522
515 523
515 547
515 517
515 534
515 549
515 542
515 553
515 518
515 526
515 558
515 533
515 516
513 519
513 536
513 532
513 538
513 522
513 523
513 547
513 517
513 534
513 549
513 542
513 553
513 518
513 526
513 558
513 533
513 516
513 515
548 549
548 553
548 558
503 519
503 536
503 508
503 532
503 538
503 522
503 509
503 512
503 523
503 547
503 517
503 507
503 506
503 510
503 534
503 549
503 542
503 553
503 518
503 526
503 558
503 533
503 504
503 516
503 515
503 513
503 548
528 536
528 532
528 538
528 547
528 534
528 549
528 542
528 553
528 558
528 533
528 548
511 519
511 536
511 532
511 538
511 522
511 512
511 523
511 547
511 517
511 534
511 549
511 542
511 553
511 518
511 526
511 558
511 533
511 516
511 515
511 513
511 548
511 528
524 536
524 532
524 538
524 547
524 534
524 549
524 542
524 553
524 526
524 558
524 533
524 548
524 528
527 536
527 532
527 538
527 547
527 534
527 549
527 542
527 553
527 558
527 533
527 548
527 528
552 553
552 558
555 558
495 519
495 501
495 536
495 508
495 532
495 538
495 502
495 500
495 522
495 509
495 498
495 512
495 496
495 523
495 547
495 517
495 507
495 506
495 510
495 534
495 497
495 549
495 542
495 553
495 518
495 499
495 526
495 558
495 533
495 504
495 516
495 515
495 513
495 548
495 503
495 528
495 511
495 524
495 527
495 552
495 555
525 536
525 532
525 538
525 547
525 534
525 549
525 542
525 553
525 526
525 558
525 533
525 548
525 528
525 527
525 552
525 555
485 493
485 519
485 501
485 494
485 536
485 508
485 486
485 532
485 538
485 488
485 502
485 500
485 522
485 509
485 498
485 491
485 512
485 487
485 496
485 523
485 547
485 517
485 507
485 506
485 510
485 534
485 497
485 549
485 542
485 553
485 518
485 499
485 526
485 558
485 533
485 504
485 489
485 516
485 515
485 513
485 548
485 503
485 528
485 511
485 524
485 527
485 552
485 555
485 495
485 525
505 519
505 536
505 508
505 532
505 538
505 522
505 509
505 512
505 523
505 547
505 517
505 507
505 506
505 510
505 534
505 549
505 542
505 553
505 518
505 526
505 558
505 533
505 516
505 515
505 513
505 548
505 528
505 511
505 524
505 527
505 552
505 555
505 525
541 547
541 549
541 542
541 553
541 558
541 548
541 552
541 555
529 536
529 532
529 538
529 547
529 534
529 549
529 542
529 553
529 558
529 533
529 548
529 552
529 555
529 541
539 547
539 549
539 542
539 553
539 558
539 548
539 552
539 555
539 541
544 547
544 549
544 553
544 558
544 548
544 552
544 555
535 536
535 538
535 547
535 549
535 542
535 553
535 558
535 548
535 552
535 555
535 541
535 539
535 544
556 558
482 493
482 519
482 501
482 494
482 536
482 508
482 486
482 532
482 538
482 488
482 502
482 500
482 522
482 509
482 484
482 498
482 491
482 512
482 487
482 496
482 523
482 547
482 517
482 507
482 506
482 510
482 534
482 483
482 497
482 549
482 542
482 553
482 518
482 499
482 526
482 558
482 533
482 504
482 489
482 516
482 515
482 513
482 548
482 503
482 528
482 511
482 524
482 527
482 552
482 555
482 495
482 525
482 485
482 505
482 541
482 529
482 539
482 544
482 535
482 556
537 538
537 547
537 549
537 542
537 553
537 558
537 548
537 552
537 555
537 541
537 539
537 544
537 556
492 493
492 519
492 501
492 494
492 536
492 508
492 532
492 538
492 502
492 500
492 522
492 509
492 498
492 512
492 496
492 523
492 547
492 517
492 507
492 506
492 510
492 534
492 497
492 549
492 542
492 553
492 518
492 499
492 526
492 558
492 533
492 504
492 516
492 515
492 513
492 548
492 503
492 528
492 511
492 524
492 527
492 552
492 555
492 495
492 525
492 505
492 541
492 529
492 539
492 544
492 535
492 556
492 537
545 547
545 549
545 553
545 558
545 548
545 552
545 555
545 556
551 553
551 558
551 552
551 555
551 556
520 536
520 532
520 538
520 522
520 523
520 547
520 534
520 549
520 542
520 553
520 526
520 558
520 533
520 548
520 528
520 524
520 527
520 552
520 555
520 525
520 541
520 529
520 539
520 544
520 535
520 556
520 537
520 545
520 551
540 547
540 549
540 542
540 553
540 558
540 548
540 552
540 555
540 541
540 544
540 556
540 545
540 551
546 547
546 549
546 553
546 558
546 548
546 552
546 555
546 556
546 551
543 547
543 549
543 553
543 558
543 548
543 552
543 555
543 544
543 556
543 545
543 551
543 546
550 553
550 558
550 552
550 555
550 556
550 551
476 477
476 493
476 519
476 479
476 481
476 501
476 494
476 536
476 508
476 486
476 532
476 538
476 488
476 502
476 500
476 522
476 509
476 484
476 498
476 491
476 480
476 512
476 487
476 496
476 523
476 547
476 517
476 507
476 478
476 506
476 510
476 534
476 483
476 497
476 549
476 542
476 553
476 518
476 499
476 526
476 558
476 533
476 504
476 489
476 516
476 515
476 513
476 548
476 503
476 528
476 511
476 524
476 527
476 552
476 555
476 495
476 525
476 485
476 505
476 541
476 529
476 539
476 544
476 535
476 556
476 482
476 537
476 492
476 545
476 551
476 520
476 540
476 546
476 543
476 550
465 477
465 493
465 519
465 467
465 469
465 470
465 479
465 466
465 481
465 471
465 501
465 494
465 536
465 468
465 472
465 508
465 486
465 532
465 538
465 488
465 502
465 500
465 522
465 509
465 484
465 498
465 474
465 491
465 480
465 512
465 487
465 496
465 523
465 547
465 475
465 517
465 507
465 478
465 506
465 510
465 534
465 483
465 497
465 549
465 542
465 553
465 518
465 499
465 473
465 526
465 558
465 533
465 504
465 489
465 516
465 515
465 513
465 548
465 503
465 528
465 511
465 524
465 527
465 552
465 555
465 495
465 525
465 485
465 505
465 541
465 529
465 539
465 544
465 535
465 556
465 482
465 537
465 492
465 545
465 551
465 520
465 540
465 546
465 543
465 550
465 476
490 493
490 519
490 501
490 494
490 536
490 508
490 532
490 538
490 502
490 500
490 522
490 509
490 498
490 491
490 512
490 496
490 523
490 547
490 517
490 507
490 506
490 510
490 534
490 497
490 549
490 542
490 553
490 518
490 499
490 526
490 558
490 533
490 504
490 516
490 515
490 513
490 548
490 503
490 528
490 511
490 524
490 527
490 552
490 555
490 495
490 525
490 505
490 541
490 529
490 539
490 544
490 535
490 556
490 537
490 492
490 545
490 551
490 520
490 540
490 546
490 543
490 550
557 558
531 536
531 532
531 538
531 547
531 534
531 549
531 542
531 553
531 558
531 533
531 548
531 552
531 555
531 541
531 539
531 544
531 535
531 556
531 537
531 545
531 551
531 540
531 546
531 543
531 550
531 557
514 519
514 536
514 532
514 538
514 522
514 523
514 547
514 517
514 534
514 549
514 542
514 553
514 518
514 526
514 558
514 533
514 516
514 515
514 548
514 528
514 524
514 527
514 552
514 555
514 525
514 541
514 529
514 539
514 544
514 535
514 556
514 537
514 545
514 551
514 520
514 540
514 546
514 543
514 550
514 557
514 531
554 558
554 555
554 556
554 557
530 536
530 532
530 538
530 547
530 534
530 549
530 542
530 553
530 558
530 533
530 548
530 552
530 555
530 541
530 539
530 544
530 535
530 556
530 537
530 545
530 551
530 540
530 546
530 543
530 550
530 557
530 531
530 554
521 536
521 532
521 538
521 522
521 523
521 547
521 534
521 549
521 542
521 553
521 526
521 558
521 533
521 548
521 528
521 524
521 527
521 552
521 555
521 525
521 541
521 529
521 539
521 544
521 535
521 556
521 537
521 545
521 551
521 540
521 546
521 543
521 550
521 557
521 531
521 554
521 530
