461 10000
6 21
38 84
38 121
13 21
13 84
13 121
13 38
62 84
62 121
2 21
2 6
2 84
2 121
2 38
2 13
2 62
37 84
37 121
37 38
37 62
9 21
9 84
9 121
9 38
9 13
9 62
9 37
8 21
8 84
8 121
8 38
8 13
8 62
8 37
8 9
11 21
11 84
11 121
11 38
11 13
11 62
11 37
25 84
25 121
25 38
25 62
25 37
39 84
39 121
39 62
1 21
1 6
1 84
1 121
1 38
1 13
1 62
1 2
1 37
1 9
1 8
1 11
1 25
1 39
69 84
69 121
41 84
41 121
41 62
41 69
73 84
73 121
53 84
53 121
53 62
53 69
53 73
51 84
51 121
51 62
51 69
51 73
51 53
16 21
16 84
16 121
16 38
16 62
16 37
16 25
16 39
16 69
16 41
16 73
16 53
16 51
31 84
31 121
31 38
31 62
31 37
31 39
31 69
31 41
31 73
31 53
31 51
12 21
12 84
12 121
12 38
12 13
12 62
12 37
12 25
12 39
12 69
12 41
12 73
12 53
12 51
12 16
12 31
15 21
15 84
15 121
15 38
15 62
15 37
15 25
15 39
15 69
15 41
15 73
15 53
15 51
15 16
15 31
23 84
23 121
23 38
23 62
23 37
23 25
23 39
23 69
23 41
23 73
23 53
23 51
23 31
29 84
29 121
29 38
29 62
29 37
29 39
29 69
29 41
29 73
29 53
29 51
29 31
47 84
47 121
47 62
47 69
47 73
47 53
47 51
46 84
46 121
46 62
46 69
46 73
46 53
46 51
46 47
45 84
45 121
45 62
45 69
45 73
45 53
45 51
45 47
45 46
3 21
3 6
3 84
3 121
3 38
3 13
3 62
3 37
3 9
3 8
3 11
3 25
3 39
3 69
3 41
3 73
3 53
3 51
3 16
3 31
3 12
3 15
3 23
3 29
3 47
3 46
3 45
36 84
36 121
36 38
36 62
36 37
36 39
36 69
36 41
36 73
36 53
36 51
36 47
36 46
36 45
20 21
20 84
20 121
20 38
20 62
20 37
20 25
20 39
20 69
20 41
20 73
20 53
20 51
20 31
20 23
20 29
20 47
20 46
20 45
20 36
61 84
61 121
61 62
61 69
61 73
68 84
68 121
68 69
68 73
33 84
33 121
33 38
33 62
33 37
33 39
33 69
33 41
33 73
33 53
33 51
33 47
33 46
33 45
33 36
33 61
33 68
117 121
27 84
27 121
27 38
27 62
27 37
27 39
27 69
27 41
27 73
27 53
27 51
27 31
27 29
27 47
27 46
27 45
27 36
27 61
27 68
27 33
27 117
14 21
14 84
14 121
14 38
14 62
14 37
14 25
14 39
14 69
14 41
14 73
14 53
14 51
14 16
14 31
14 15
14 23
14 29
14 47
14 46
14 45
14 36
14 20
14 61
14 68
14 33
14 117
14 27
18 21
18 84
18 121
18 38
18 62
18 37
18 25
18 39
18 69
18 41
18 73
18 53
18 51
18 31
18 23
18 29
18 47
18 46
18 45
18 36
18 20
18 61
18 68
18 33
18 117
18 27
35 84
35 121
35 38
35 62
35 37
35 39
35 69
35 41
35 73
35 53
35 51
35 47
35 46
35 45
35 36
35 61
35 68
35 117
4 21
4 6
4 84
4 121
4 38
4 13
4 62
4 37
4 9
4 8
4 11
4 25
4 39
4 69
4 41
4 73
4 53
4 51
4 16
4 31
4 12
4 15
4 23
4 29
4 47
4 46
4 45
4 36
4 20
4 61
4 68
4 33
4 117
4 27
4 14
4 18
4 35
19 21
19 84
19 121
19 38
19 62
19 37
19 25
19 39
19 69
19 41
19 73
19 53
19 51
19 31
19 23
19 29
19 47
19 46
19 45
19 36
19 20
19 61
19 68
19 33
19 117
19 27
19 35
91 121
91 117
22 84
22 121
22 38
22 62
22 37
22 25
22 39
22 69
22 41
22 73
22 53
22 51
22 31
22 23
22 29
22 47
22 46
22 45
22 36
22 61
22 68
22 33
22 117
22 27
22 35
22 91
105 121
105 117
94 121
94 117
94 105
50 84
50 121
50 62
50 69
50 73
50 53
50 51
50 61
50 68
50 117
50 91
50 105
50 94
50 133
75 84
75 121
75 117
75 91
75 105
75 94
75 133
43 84
43 121
43 62
43 69
43 73
43 53
43 51
43 47
43 46
43 45
43 61
43 68
43 117
43 91
43 105
43 94
43 133
43 50
43 75
54 84
54 121
54 62
54 69
54 73
54 61
54 68
54 117
54 91
54 105
54 94
54 133
54 75
5 21
5 6
5 84
5 121
5 38
5 13
5 62
5 37
5 9
5 8
5 11
5 25
5 39
5 69
5 41
5 73
5 53
5 51
5 16
5 31
5 12
5 15
5 23
5 29
5 47
5 46
5 45
5 36
5 20
5 61
5 68
5 33
5 117
5 27
5 14
5 18
5 35
5 19
5 91
5 22
5 105
5 94
5 133
5 50
5 75
5 43
5 54
17 21
17 84
17 121
17 38
17 62
17 37
17 25
17 39
17 69
17 41
17 73
17 53
17 51
17 31
17 23
17 29
17 47
17 46
17 45
17 36
17 20
17 61
17 68
17 33
17 117
17 27
17 18
17 35
17 19
17 91
17 22
17 105
17 94
17 133
17 50
17 75
17 43
17 54
32 84
32 121
32 38
32 62
32 37
32 39
32 69
32 41
32 73
32 53
32 51
32 47
32 46
32 45
32 36
32 61
32 68
32 33
32 117
32 35
32 91
32 105
32 94
32 133
32 50
32 75
32 43
32 54
60 84
60 121
60 62
60 69
60 73
60 61
60 68
60 117
60 91
60 105
60 94
60 133
60 75
63 84
63 121
63 69
63 73
63 68
63 117
63 91
63 105
63 94
63 133
63 75
42 84
42 121
42 62
42 69
42 73
42 53
42 51
42 47
42 46
42 45
42 61
42 68
42 117
42 91
42 105
42 94
42 133
42 50
42 75
42 43
42 54
42 60
42 63
72 84
72 121
72 73
72 117
72 91
72 105
72 94
72 133
72 75
24 84
24 121
24 38
24 62
24 37
24 25
24 39
24 69
24 41
24 73
24 53
24 51
24 31
24 29
24 47
24 46
24 45
24 36
24 61
24 68
24 33
24 117
24 27
24 35
24 91
24 105
24 94
24 133
24 50
24 75
24 43
24 54
24 32
24 60
24 63
24 42
24 72
28 84
28 121
28 38
28 62
28 37
28 39
28 69
28 41
28 73
28 53
28 51
28 31
28 29
28 47
28 46
28 45
28 36
28 61
28 68
28 33
28 117
28 35
28 91
28 105
28 94
28 133
28 50
28 75
28 43
28 54
28 32
28 60
28 63
28 42
28 72
127 133
93 121
93 117
93 105
93 94
93 133
93 127
30 84
30 121
30 38
30 62
30 37
30 39
30 69
30 41
30 73
30 53
30 51
30 31
30 47
30 46
30 45
30 36
30 61
30 68
30 33
30 117
30 35
30 91
30 105
30 94
30 133
30 50
30 75
30 43
30 54
30 32
30 60
30 63
30 42
30 72
30 127
30 93
115 121
115 117
115 133
115 127
48 84
48 121
48 62
48 69
48 73
48 53
48 51
48 61
48 68
48 117
48 91
48 105
48 94
48 133
48 50
48 75
48 54
48 60
48 63
48 72
48 127
48 93
48 115
58 84
58 121
58 62
58 69
58 73
58 61
58 68
58 117
58 91
58 105
58 94
58 133
58 75
58 60
58 63
58 72
58 127
58 93
58 115
40 84
40 121
40 62
40 69
40 41
40 73
40 53
40 51
40 47
40 46
40 45
40 61
40 68
40 117
40 91
40 105
40 94
40 133
40 50
40 75
40 43
40 54
40 60
40 63
40 42
40 72
40 127
40 93
40 115
40 48
40 58
10 21
10 84
10 121
10 38
10 13
10 62
10 37
10 11
10 25
10 39
10 69
10 41
10 73
10 53
10 51
10 16
10 31
10 12
10 15
10 23
10 29
10 47
10 46
10 45
10 36
10 20
10 61
10 68
10 33
10 117
10 27
10 14
10 18
10 35
10 19
10 91
10 22
10 105
10 94
10 133
10 50
10 75
10 43
10 54
10 17
10 32
10 60
10 63
10 42
10 72
10 24
10 28
10 127
10 93
10 30
10 115
10 48
10 58
10 40
76 84
76 121
76 117
76 91
76 105
76 94
76 133
76 127
76 93
76 115
89 121
89 117
89 91
89 105
89 94
89 133
89 127
89 93
89 115
34 84
34 121
34 38
34 62
34 37
34 39
34 69
34 41
34 73
34 53
34 51
34 47
34 46
34 45
34 36
34 61
34 68
34 117
34 35
34 91
34 105
34 94
34 133
34 50
34 75
34 43
34 54
34 60
34 63
34 42
34 72
34 127
34 93
34 115
34 48
34 58
34 40
34 76
34 89
80 84
80 121
80 117
80 91
80 105
80 94
80 133
80 127
80 93
80 115
80 89
44 84
44 121
44 62
44 69
44 73
44 53
44 51
44 47
44 46
44 45
44 61
44 68
44 117
44 91
44 105
44 94
44 133
44 50
44 75
44 54
44 60
44 63
44 72
44 127
44 93
44 115
44 48
44 58
44 76
44 89
44 80
74 84
74 121
74 117
74 91
74 105
74 94
74 133
74 75
74 127
74 93
74 115
74 76
74 89
74 80
103 121
103 117
103 105
103 133
103 127
103 115
92 121
92 117
92 105
92 94
92 133
92 127
92 93
92 115
92 103
124 133
124 127
70 84
70 121
70 73
70 117
70 91
70 105
70 94
70 133
70 75
70 72
70 127
70 93
70 115
70 76
70 89
70 80
70 74
70 103
70 92
70 124
70 135
85 121
85 117
85 91
85 105
85 94
85 133
85 127
85 93
85 115
85 89
85 103
85 92
85 124
85 135
85 139
101 121
101 117
101 105
101 133
101 127
101 115
101 103
101 124
101 135
101 139
71 84
71 121
71 73
71 117
71 91
71 105
71 94
71 133
71 75
71 72
71 127
71 93
71 115
71 76
71 89
71 80
71 74
71 103
71 92
71 124
71 135
71 139
71 85
71 101
113 121
113 117
113 133
113 127
113 115
113 124
113 135
113 139
56 84
56 121
56 62
56 69
56 73
56 61
56 68
56 117
56 91
56 105
56 94
56 133
56 75
56 60
56 63
56 72
56 127
56 93
56 115
56 58
56 76
56 89
56 80
56 74
56 103
56 92
56 124
56 135
56 70
56 139
56 85
56 101
56 71
56 113
56 165
138 139
138 165
138 166
52 84
52 121
52 62
52 69
52 73
52 53
52 61
52 68
52 117
52 91
52 105
52 94
52 133
52 75
52 54
52 60
52 63
52 72
52 127
52 93
52 115
52 58
52 76
52 89
52 80
52 74
52 103
52 92
52 124
52 135
52 70
52 139
52 85
52 101
52 71
52 113
52 165
52 56
52 166
52 138
66 84
66 121
66 69
66 73
66 68
66 117
66 91
66 105
66 94
66 133
66 75
66 72
66 127
66 93
66 115
66 76
66 89
66 80
66 74
66 103
66 92
66 124
66 135
66 70
66 139
66 85
66 101
66 71
66 113
66 165
66 166
66 138
95 121
95 117
95 105
95 133
95 127
95 115
95 103
95 124
95 135
95 139
95 101
95 113
95 165
95 166
95 138
83 84
83 121
83 117
83 91
83 105
83 94
83 133
83 127
83 93
83 115
83 89
83 103
83 92
83 124
83 135
83 139
83 85
83 101
83 113
83 165
83 166
83 138
83 95
132 133
132 135
132 139
132 165
132 166
132 138
64 84
64 121
64 69
64 73
64 68
64 117
64 91
64 105
64 94
64 133
64 75
64 72
64 127
64 93
64 115
64 76
64 89
64 80
64 74
64 103
64 92
64 124
64 135
64 70
64 139
64 85
64 101
64 71
64 113
64 165
64 166
64 138
64 66
64 95
64 83
64 132
149 165
149 166
108 121
108 117
108 133
108 127
108 115
108 124
108 135
108 139
108 113
108 165
108 166
108 138
108 132
108 149
161 165
161 166
130 133
130 135
130 139
130 165
130 166
130 138
130 132
130 149
130 161
99 121
99 117
99 105
99 133
99 127
99 115
99 103
99 124
99 135
99 139
99 101
99 113
99 165
99 166
99 138
99 132
99 149
99 108
99 161
99 130
122 133
122 127
122 124
122 135
122 139
122 165
122 166
122 138
122 132
122 149
122 161
122 130
26 84
26 121
26 38
26 62
26 37
26 39
26 69
26 41
26 73
26 53
26 51
26 31
26 29
26 47
26 46
26 45
26 36
26 61
26 68
26 33
26 117
26 27
26 35
26 91
26 105
26 94
26 133
26 50
26 75
26 43
26 54
26 32
26 60
26 63
26 42
26 72
26 28
26 127
26 93
26 30
26 115
26 48
26 58
26 40
26 76
26 89
26 34
26 80
26 44
26 74
26 103
26 92
26 124
26 135
26 70
26 139
26 85
26 101
26 71
26 113
26 165
26 56
26 166
26 138
26 52
26 66
26 95
26 83
26 132
26 64
26 149
26 108
26 161
26 130
26 99
26 122
141 165
141 166
141 149
141 161
156 165
156 166
156 161
67 84
67 121
67 69
67 73
67 68
67 117
67 91
67 105
67 94
67 133
67 75
67 72
67 127
67 93
67 115
67 76
67 89
67 80
67 74
67 103
67 92
67 124
67 135
67 70
67 139
67 85
67 101
67 71
67 113
67 165
67 166
67 138
67 95
67 83
67 132
67 149
67 108
67 161
67 130
67 99
67 122
67 141
67 156
86 121
86 117
86 91
86 105
86 94
86 133
86 127
86 93
86 115
86 89
86 103
86 92
86 124
86 135
86 139
86 101
86 113
86 165
86 166
86 138
86 95
86 132
86 149
86 108
86 161
86 130
86 99
86 122
86 141
86 156
126 133
126 127
126 135
126 139
126 165
126 166
126 138
126 132
126 149
126 161
126 130
126 141
126 156
90 121
90 117
90 91
90 105
90 94
90 133
90 127
90 93
90 115
90 103
90 92
90 124
90 135
90 139
90 101
90 113
90 165
90 166
90 138
90 95
90 132
90 149
90 108
90 161
90 130
90 99
90 122
90 141
90 156
90 126
57 84
57 121
57 62
57 69
57 73
57 61
57 68
57 117
57 91
57 105
57 94
57 133
57 75
57 60
57 63
57 72
57 127
57 93
57 115
57 58
57 76
57 89
57 80
57 74
57 103
57 92
57 124
57 135
57 70
57 139
57 85
57 101
57 71
57 113
57 165
57 166
57 138
57 66
57 95
57 83
57 132
57 64
57 149
57 108
57 161
57 130
57 99
57 122
57 141
57 156
57 67
57 86
57 126
57 90
125 133
125 127
125 135
125 139
125 165
125 166
125 138
125 132
125 149
125 161
125 130
125 141
125 156
125 126
125 180
120 121
120 133
120 127
120 124
120 135
120 139
120 165
120 166
120 138
120 132
120 149
120 161
120 130
120 122
120 141
120 156
120 126
120 180
120 125
87 121
87 117
87 91
87 105
87 94
87 133
87 127
87 93
87 115
87 89
87 103
87 92
87 124
87 135
87 139
87 101
87 113
87 165
87 166
87 138
87 95
87 132
87 149
87 108
87 161
87 130
87 99
87 122
87 141
87 156
87 126
87 90
87 180
87 125
87 120
140 165
140 166
140 149
140 161
140 141
140 156
140 180
116 121
116 117
116 133
116 127
116 124
116 135
116 139
116 165
116 166
116 138
116 132
116 149
116 161
116 130
116 122
116 141
116 156
116 126
116 180
116 125
116 120
116 140
81 84
81 121
81 117
81 91
81 105
81 94
81 133
81 127
81 93
81 115
81 89
81 103
81 92
81 124
81 135
81 139
81 85
81 101
81 113
81 165
81 166
81 138
81 95
81 83
81 132
81 149
81 108
81 161
81 130
81 99
81 122
81 141
81 156
81 86
81 126
81 90
81 180
81 125
81 120
81 87
81 140
81 116
128 133
128 135
128 139
128 165
128 166
128 138
128 132
128 149
128 161
128 130
128 141
128 156
128 180
128 140
128 192
167 180
167 192
59 84
59 121
59 62
59 69
59 73
59 61
59 68
59 117
59 91
59 105
59 94
59 133
59 75
59 60
59 63
59 72
59 127
59 93
59 115
59 76
59 89
59 80
59 74
59 103
59 92
59 124
59 135
59 70
59 139
59 85
59 101
59 71
59 113
59 165
59 166
59 138
59 66
59 95
59 83
59 132
59 64
59 149
59 108
59 161
59 130
59 99
59 122
59 141
59 156
59 67
59 86
59 126
59 90
59 180
59 125
59 120
59 87
59 140
59 116
59 81
59 192
59 128
59 167
98 121
98 117
98 105
98 133
98 127
98 115
98 103
98 124
98 135
98 139
98 101
98 113
98 165
98 166
98 138
98 132
98 149
98 108
98 161
98 130
98 99
98 122
98 141
98 156
98 126
98 180
98 125
98 120
98 140
98 116
98 192
98 128
98 167
97 121
97 117
97 105
97 133
97 127
97 115
97 103
97 124
97 135
97 139
97 101
97 113
97 165
97 166
97 138
97 132
97 149
97 108
97 161
97 130
97 99
97 122
97 141
97 156
97 126
97 180
97 125
97 120
97 140
97 116
97 192
97 128
97 167
97 98
110 121
110 117
110 133
110 127
110 115
110 124
110 135
110 139
110 113
110 165
110 166
110 138
110 132
110 149
110 161
110 130
110 122
110 141
110 156
110 126
110 180
110 125
110 120
110 140
110 116
110 192
110 128
110 167
129 133
129 135
129 139
129 165
129 166
129 138
129 132
129 149
129 161
129 130
129 141
129 156
129 180
129 140
129 192
129 167
185 192
65 84
65 121
65 69
65 73
65 68
65 117
65 91
65 105
65 94
65 133
65 75
65 72
65 127
65 93
65 115
65 76
65 89
65 80
65 74
65 103
65 92
65 124
65 135
65 70
65 139
65 85
65 101
65 71
65 113
65 165
65 166
65 138
65 66
65 95
65 83
65 132
65 149
65 108
65 161
65 130
65 99
65 122
65 141
65 156
65 67
65 86
65 126
65 90
65 180
65 125
65 120
65 87
65 140
65 116
65 81
65 192
65 128
65 167
65 98
65 97
65 110
65 129
65 185
88 121
88 117
88 91
88 105
88 94
88 133
88 127
88 93
88 115
88 89
88 103
88 92
88 124
88 135
88 139
88 101
88 113
88 165
88 166
88 138
88 95
88 132
88 149
88 108
88 161
88 130
88 99
88 122
88 141
88 156
88 126
88 90
88 180
88 125
88 120
88 140
88 116
88 192
88 128
88 167
88 98
88 97
88 110
88 129
88 185
7 21
7 84
7 121
7 38
7 13
7 62
7 37
7 9
7 8
7 11
7 25
7 39
7 69
7 41
7 73
7 53
7 51
7 16
7 31
7 12
7 15
7 23
7 29
7 47
7 46
7 45
7 36
7 20
7 61
7 68
7 33
7 117
7 27
7 14
7 18
7 35
7 19
7 91
7 22
7 105
7 94
7 133
7 50
7 75
7 43
7 54
7 17
7 32
7 60
7 63
7 42
7 72
7 24
7 28
7 127
7 93
7 30
7 115
7 48
7 58
7 40
7 10
7 76
7 89
7 34
7 80
7 44
7 74
7 103
7 92
7 124
7 135
7 70
7 139
7 85
7 101
7 71
7 113
7 165
7 56
7 166
7 138
7 52
7 66
7 95
7 83
7 132
7 64
7 149
7 108
7 161
7 130
7 99
7 122
7 26
7 141
7 156
7 67
7 86
7 126
7 90
7 57
7 180
7 125
7 120
7 87
7 140
7 116
7 81
7 192
7 128
7 167
7 59
7 98
7 97
7 110
7 129
7 185
7 65
7 88
158 165
158 166
158 161
158 180
158 192
158 167
158 185
148 165
148 166
148 149
148 161
148 156
148 180
148 192
148 167
148 185
148 158
131 133
131 135
131 139
131 165
131 166
131 138
131 132
131 149
131 161
131 141
131 156
131 180
131 140
131 192
131 167
131 185
131 158
131 148
106 121
106 117
106 133
106 127
106 115
106 124
106 135
106 139
106 113
106 165
106 166
106 138
106 132
106 149
106 108
106 161
106 130
106 122
106 141
106 156
106 126
106 180
106 125
106 120
106 140
106 116
106 192
106 128
106 167
106 110
106 129
106 185
106 158
106 148
106 131
79 84
79 121
79 117
79 91
79 105
79 94
79 133
79 127
79 93
79 115
79 89
79 80
79 103
79 92
79 124
79 135
79 139
79 85
79 101
79 113
79 165
79 166
79 138
79 95
79 83
79 132
79 149
79 108
79 161
79 130
79 99
79 122
79 141
79 156
79 86
79 126
79 90
79 180
79 125
79 120
79 87
79 140
79 116
79 81
79 192
79 128
79 167
79 98
79 97
79 110
79 129
79 185
79 88
79 158
79 148
79 131
79 106
118 121
118 133
118 127
118 124
118 135
118 139
118 165
118 166
118 138
118 132
118 149
118 161
118 130
118 122
118 141
118 156
118 126
118 180
118 125
118 120
118 140
118 192
118 128
118 167
118 129
118 185
118 158
118 148
118 131
112 121
112 117
112 133
112 127
112 115
112 124
112 135
112 139
112 113
112 165
112 166
112 138
112 132
112 149
112 161
112 130
112 122
112 141
112 156
112 126
112 180
112 125
112 120
112 140
112 116
112 192
112 128
112 167
112 129
112 185
112 158
112 148
112 131
112 118
112 204
171 180
171 192
171 185
171 204
82 84
82 121
82 117
82 91
82 105
82 94
82 133
82 127
82 93
82 115
82 89
82 103
82 92
82 124
82 135
82 139
82 85
82 101
82 113
82 165
82 166
82 138
82 95
82 83
82 132
82 149
82 108
82 161
82 130
82 99
82 122
82 141
82 156
82 86
82 126
82 90
82 180
82 125
82 120
82 87
82 140
82 116
82 192
82 128
82 167
82 98
82 97
82 110
82 129
82 185
82 88
82 158
82 148
82 131
82 106
82 118
82 204
82 112
82 171
191 192
191 204
157 165
157 166
157 161
157 180
157 192
157 167
157 185
157 158
157 204
157 171
157 191
104 121
104 117
104 105
104 133
104 127
104 115
104 124
104 135
104 139
104 113
104 165
104 166
104 138
104 132
104 149
104 108
104 161
104 130
104 122
104 141
104 156
104 126
104 180
104 125
104 120
104 140
104 116
104 192
104 128
104 167
104 110
104 129
104 185
104 158
104 148
104 131
104 106
104 118
104 204
104 112
104 171
104 191
104 157
55 84
55 121
55 62
55 69
55 73
55 61
55 68
55 117
55 91
55 105
55 94
55 133
55 75
55 60
55 63
55 72
55 127
55 93
55 115
55 58
55 76
55 89
55 80
55 74
55 103
55 92
55 124
55 135
55 70
55 139
55 85
55 101
55 71
55 113
55 165
55 56
55 166
55 138
55 66
55 95
55 83
55 132
55 64
55 149
55 108
55 161
55 130
55 99
55 122
55 141
55 156
55 67
55 86
55 126
55 90
55 57
55 180
55 125
55 120
55 87
55 140
55 116
55 81
55 192
55 128
55 167
55 59
55 98
55 97
55 110
55 129
55 185
55 65
55 88
55 158
55 148
55 131
55 106
55 79
55 118
55 204
55 112
55 171
55 82
55 191
55 157
55 104
123 133
123 127
123 124
123 135
123 139
123 165
123 166
123 138
123 132
123 149
123 161
123 130
123 141
123 156
123 126
123 180
123 125
123 140
123 192
123 128
123 167
123 129
123 185
123 158
123 148
123 131
123 204
123 171
123 191
123 157
107 121
107 117
107 133
107 127
107 115
107 124
107 135
107 139
107 113
107 165
107 166
107 138
107 132
107 149
107 108
107 161
107 130
107 122
107 141
107 156
107 126
107 180
107 125
107 120
107 140
107 116
107 192
107 128
107 167
107 110
107 129
107 185
107 158
107 148
107 131
107 118
107 204
107 112
107 171
107 191
107 157
107 123
114 121
114 117
114 133
114 127
114 115
114 124
114 135
114 139
114 165
114 166
114 138
114 132
114 149
114 161
114 130
114 122
114 141
114 156
114 126
114 180
114 125
114 120
114 140
114 116
114 192
114 128
114 167
114 129
114 185
114 158
114 148
114 131
114 118
114 204
114 171
114 191
114 157
114 123
176 180
176 192
176 185
176 204
176 191
77 84
77 121
77 117
77 91
77 105
77 94
77 133
77 127
77 93
77 115
77 89
77 80
77 103
77 92
77 124
77 135
77 139
77 85
77 101
77 113
77 165
77 166
77 138
77 95
77 83
77 132
77 149
77 108
77 161
77 130
77 99
77 122
77 141
77 156
77 86
77 126
77 90
77 180
77 125
77 120
77 87
77 140
77 116
77 81
77 192
77 128
77 167
77 98
77 97
77 110
77 129
77 185
77 88
77 158
77 148
77 131
77 106
77 79
77 118
77 204
77 112
77 171
77 82
77 191
77 157
77 104
77 123
77 107
77 114
77 176
78 84
78 121
78 117
78 91
78 105
78 94
78 133
78 127
78 93
78 115
78 89
78 80
78 103
78 92
78 124
78 135
78 139
78 85
78 101
78 113
78 165
78 166
78 138
78 95
78 83
78 132
78 149
78 108
78 161
78 130
78 99
78 122
78 141
78 156
78 86
78 126
78 90
78 180
78 125
78 120
78 87
78 140
78 116
78 81
78 192
78 128
78 167
78 98
78 97
78 110
78 129
78 185
78 88
78 158
78 148
78 131
78 106
78 79
78 118
78 204
78 112
78 171
78 82
78 191
78 157
78 104
78 123
78 107
78 114
78 176
151 165
151 166
151 161
151 156
151 180
151 192
151 167
151 185
151 158
151 204
151 171
151 191
151 157
151 176
96 121
96 117
96 105
96 133
96 127
96 115
96 103
96 124
96 135
96 139
96 101
96 113
96 165
96 166
96 138
96 132
96 149
96 108
96 161
96 130
96 99
96 122
96 141
96 156
96 126
96 180
96 125
96 120
96 140
96 116
96 192
96 128
96 167
96 98
96 97
96 110
96 129
96 185
96 158
96 148
96 131
96 106
96 118
96 204
96 112
96 171
96 191
96 157
96 104
96 123
96 107
96 114
96 176
96 151
172 180
172 192
172 185
172 204
172 191
172 176
155 165
155 166
155 161
155 156
155 180
155 192
155 167
155 185
155 158
155 204
155 171
155 191
155 157
155 176
155 172
119 121
119 133
119 127
119 124
119 135
119 139
119 165
119 166
119 138
119 132
119 149
119 161
119 130
119 122
119 141
119 156
119 126
119 180
119 125
119 120
119 140
119 192
119 128
119 167
119 129
119 185
119 158
119 148
119 131
119 204
119 171
119 191
119 157
119 123
119 176
119 151
119 172
119 155
190 192
190 204
190 191
194 204
197 204
164 165
164 166
164 180
164 192
164 167
164 185
164 204
164 171
164 191
164 176
164 172
164 190
164 194
164 197
111 121
111 117
111 133
111 127
111 115
111 124
111 135
111 139
111 113
111 165
111 166
111 138
111 132
111 149
111 161
111 130
111 122
111 141
111 156
111 126
111 180
111 125
111 120
111 140
111 116
111 192
111 128
111 167
111 129
111 185
111 158
111 148
111 131
111 118
111 204
111 112
111 171
111 191
111 157
111 123
111 114
111 176
111 151
111 172
111 155
111 119
111 190
111 194
111 197
111 164
179 180
179 192
179 185
179 204
179 191
179 190
179 194
179 197
169 180
169 192
169 185
169 204
169 171
169 191
169 176
169 172
169 190
169 194
169 197
169 179
143 165
143 166
143 149
143 161
143 156
143 180
143 192
143 167
143 185
143 158
143 148
143 204
143 171
143 191
143 157
143 176
143 151
143 172
143 155
143 190
143 194
143 197
143 164
143 179
143 169
146 165
146 166
146 149
146 161
146 156
146 180
146 192
146 167
146 185
146 158
146 148
146 204
146 171
146 191
146 157
146 176
146 151
146 172
146 155
146 190
146 194
146 197
146 164
146 179
146 169
134 135
134 139
134 165
134 166
134 138
134 149
134 161
134 141
134 156
134 180
134 140
134 192
134 167
134 185
134 158
134 148
134 204
134 171
134 191
134 157
134 176
134 151
134 172
134 155
134 190
134 194
134 197
134 164
134 179
134 169
134 143
134 146
154 165
154 166
154 161
154 156
154 180
154 192
154 167
154 185
154 158
154 204
154 171
154 191
154 157
154 176
154 172
154 155
154 190
154 194
154 197
154 164
154 179
154 169
49 84
49 121
49 62
49 69
49 73
49 53
49 51
49 61
49 68
49 117
49 91
49 105
49 94
49 133
49 50
49 75
49 54
49 60
49 63
49 72
49 127
49 93
49 115
49 58
49 76
49 89
49 80
49 74
49 103
49 92
49 124
49 135
49 70
49 139
49 85
49 101
49 71
49 113
49 165
49 56
49 166
49 138
49 52
49 66
49 95
49 83
49 132
49 64
49 149
49 108
49 161
49 130
49 99
49 122
49 141
49 156
49 67
49 86
49 126
49 90
49 57
49 180
49 125
49 120
49 87
49 140
49 116
49 81
49 192
49 128
49 167
49 59
49 98
49 97
49 110
49 129
49 185
49 65
49 88
49 158
49 148
49 131
49 106
49 79
49 118
49 204
49 112
49 171
49 82
49 191
49 157
49 104
49 55
49 123
49 107
49 114
49 176
49 77
49 78
49 151
49 96
49 172
49 155
49 119
49 190
49 194
49 197
49 164
49 111
49 179
49 169
49 143
49 146
49 134
49 154
49 236
109 121
109 117
109 133
109 127
109 115
109 124
109 135
109 139
109 113
109 165
109 166
109 138
109 132
109 149
109 161
109 130
109 122
109 141
109 156
109 126
109 180
109 125
109 120
109 140
109 116
109 192
109 128
109 167
109 110
109 129
109 185
109 158
109 148
109 131
109 118
109 204
109 112
109 171
109 191
109 157
109 123
109 114
109 176
109 151
109 172
109 155
109 119
109 190
109 194
109 197
109 164
109 111
109 179
109 169
109 143
109 146
109 134
109 154
109 236
152 165
152 166
152 161
152 156
152 180
152 192
152 167
152 185
152 158
152 204
152 171
152 191
152 157
152 176
152 172
152 155
152 190
152 194
152 197
152 164
152 179
152 169
152 154
152 236
145 165
145 166
145 149
145 161
145 156
145 180
145 192
145 167
145 185
145 158
145 148
145 204
145 171
145 191
145 157
145 176
145 151
145 172
145 155
145 190
145 194
145 197
145 164
145 179
145 169
145 146
145 154
145 236
145 152
187 192
187 204
187 191
187 190
187 194
187 197
187 236
181 192
181 185
181 204
181 191
181 190
181 194
181 197
181 236
181 187
182 192
182 185
182 204
182 191
182 190
182 194
182 197
182 236
182 187
196 204
196 197
196 236
100 121
100 117
100 105
100 133
100 127
100 115
100 103
100 124
100 135
100 139
100 101
100 113
100 165
100 166
100 138
100 132
100 149
100 108
100 161
100 130
100 122
100 141
100 156
100 126
100 180
100 125
100 120
100 140
100 116
100 192
100 128
100 167
100 110
100 129
100 185
100 158
100 148
100 131
100 106
100 118
100 204
100 112
100 171
100 191
100 157
100 104
100 123
100 107
100 114
100 176
100 151
100 172
100 155
100 119
100 190
100 194
100 197
100 164
100 111
100 179
100 169
100 143
100 146
100 134
100 154
100 236
100 109
100 152
100 145
100 187
100 181
100 182
100 196
163 165
163 166
163 180
163 192
163 167
163 185
163 204
163 171
163 191
163 176
163 172
163 190
163 194
163 197
163 164
163 179
163 169
163 236
163 187
163 181
163 182
163 196
147 165
147 166
147 149
147 161
147 156
147 180
147 192
147 167
147 185
147 158
147 148
147 204
147 171
147 191
147 157
147 176
147 151
147 172
147 155
147 190
147 194
147 197
147 164
147 179
147 169
147 154
147 236
147 152
147 187
147 181
147 182
147 196
147 163
144 165
144 166
144 149
144 161
144 156
144 180
144 192
144 167
144 185
144 158
144 148
144 204
144 171
144 191
144 157
144 176
144 151
144 172
144 155
144 190
144 194
144 197
144 164
144 179
144 169
144 146
144 154
144 236
144 152
144 145
144 187
144 181
144 182
144 196
144 163
144 147
207 236
203 204
203 236
203 207
226 236
136 139
136 165
136 166
136 138
136 149
136 161
136 141
136 156
136 180
136 140
136 192
136 167
136 185
136 158
136 148
136 204
136 171
136 191
136 157
136 176
136 151
136 172
136 155
136 190
136 194
136 197
136 164
136 179
136 169
136 143
136 146
136 154
136 236
136 152
136 145
136 187
136 181
136 182
136 196
136 163
136 147
136 144
136 207
136 203
136 226
153 165
153 166
153 161
153 156
153 180
153 192
153 167
153 185
153 158
153 204
153 171
153 191
153 157
153 176
153 172
153 155
153 190
153 194
153 197
153 164
153 179
153 169
153 154
153 236
153 187
153 181
153 182
153 196
153 163
153 207
153 203
153 226
137 139
137 165
137 166
137 138
137 149
137 161
137 141
137 156
137 180
137 140
137 192
137 167
137 185
137 158
137 148
137 204
137 171
137 191
137 157
137 176
137 151
137 172
137 155
137 190
137 194
137 197
137 164
137 179
137 169
137 143
137 146
137 154
137 236
137 152
137 145
137 187
137 181
137 182
137 196
137 163
137 147
137 144
137 207
137 203
137 226
137 153
174 180
174 192
174 185
174 204
174 191
174 176
174 190
174 194
174 197
174 179
174 236
174 187
174 181
174 182
174 196
174 207
174 203
174 226
150 165
150 166
150 161
150 156
150 180
150 192
150 167
150 185
150 158
150 204
150 171
150 191
150 157
150 176
150 151
150 172
150 155
150 190
150 194
150 197
150 164
150 179
150 169
150 154
150 236
150 152
150 187
150 181
150 182
150 196
150 163
150 207
150 203
150 226
150 153
150 174
160 165
160 166
160 161
160 180
160 192
160 167
160 185
160 204
160 171
160 191
160 176
160 172
160 190
160 194
160 197
160 164
160 179
160 169
160 236
160 187
160 181
160 182
160 196
160 163
160 207
160 203
160 226
160 174
211 236
211 226
178 180
178 192
178 185
178 204
178 191
178 190
178 194
178 197
178 179
178 236
178 187
178 181
178 182
178 196
178 207
178 203
178 226
178 211
142 165
142 166
142 149
142 161
142 156
142 180
142 192
142 167
142 185
142 158
142 148
142 204
142 171
142 191
142 157
142 176
142 151
142 172
142 155
142 190
142 194
142 197
142 164
142 179
142 169
142 143
142 146
142 154
142 236
142 152
142 145
142 187
142 181
142 182
142 196
142 163
142 147
142 144
142 207
142 203
142 226
142 153
142 174
142 150
142 160
142 211
142 178
209 236
209 226
209 211
209 271
173 180
173 192
173 185
173 204
173 191
173 176
173 190
173 194
173 197
173 179
173 236
173 187
173 181
173 182
173 196
173 207
173 203
173 226
173 174
173 211
173 178
173 271
173 209
159 165
159 166
159 161
159 180
159 192
159 167
159 185
159 204
159 171
159 191
159 176
159 172
159 190
159 194
159 197
159 164
159 179
159 169
159 236
159 187
159 181
159 182
159 196
159 163
159 207
159 203
159 226
159 174
159 160
159 211
159 178
159 271
159 209
159 173
102 121
102 117
102 105
102 133
102 127
102 115
102 103
102 124
102 135
102 139
102 113
102 165
102 166
102 138
102 132
102 149
102 108
102 161
102 130
102 122
102 141
102 156
102 126
102 180
102 125
102 120
102 140
102 116
102 192
102 128
102 167
102 110
102 129
102 185
102 158
102 148
102 131
102 106
102 118
102 204
102 112
102 171
102 191
102 157
102 104
102 123
102 107
102 114
102 176
102 151
102 172
102 155
102 119
102 190
102 194
102 197
102 164
102 111
102 179
102 169
102 143
102 146
102 134
102 154
102 236
102 109
102 152
102 145
102 187
102 181
102 182
102 196
102 163
102 147
102 144
102 207
102 203
102 226
102 136
102 153
102 137
102 174
102 150
102 160
102 211
102 178
102 142
102 271
102 209
102 173
102 159
162 165
162 166
162 180
162 192
162 167
162 185
162 204
162 171
162 191
162 176
162 172
162 190
162 194
162 197
162 164
162 179
162 169
162 236
162 187
162 181
162 182
162 196
162 163
162 207
162 203
162 226
162 174
162 211
162 178
162 271
162 209
162 173
221 236
221 226
221 271
218 236
218 226
218 271
218 221
175 180
175 192
175 185
175 204
175 191
175 176
175 190
175 194
175 197
175 179
175 236
175 187
175 181
175 182
175 196
175 207
175 203
175 226
175 211
175 178
175 271
175 209
175 221
175 218
257 271
231 236
231 271
231 257
170 180
170 192
170 185
170 204
170 171
170 191
170 176
170 172
170 190
170 194
170 197
170 179
170 236
170 187
170 181
170 182
170 196
170 207
170 203
170 226
170 174
170 211
170 178
170 271
170 209
170 173
170 221
170 218
170 175
170 257
170 231
199 204
199 236
199 207
199 203
199 226
199 211
199 271
199 209
199 221
199 218
199 257
199 231
206 236
206 207
206 226
206 211
206 271
206 209
206 221
206 218
206 257
206 231
220 236
220 226
220 271
220 221
220 257
220 231
214 236
214 226
214 271
214 221
214 218
214 257
214 231
214 220
252 271
252 257
212 236
212 226
212 271
212 221
212 218
212 257
212 231
212 220
212 214
212 252
186 192
186 204
186 191
186 190
186 194
186 197
186 236
186 187
186 196
186 207
186 203
186 226
186 211
186 271
186 209
186 221
186 218
186 257
186 231
186 199
186 206
186 220
186 214
186 252
186 212
215 236
215 226
215 271
215 221
215 218
215 257
215 231
215 220
215 252
215 289
193 204
193 194
193 197
193 236
193 196
193 207
193 203
193 226
193 211
193 271
193 209
193 221
193 218
193 257
193 231
193 199
193 206
193 220
193 214
193 252
193 212
193 289
193 215
232 236
232 271
232 257
232 252
232 289
281 289
205 236
205 207
205 226
205 211
205 271
205 209
205 221
205 218
205 257
205 231
205 206
205 220
205 214
205 252
205 212
205 289
205 215
205 232
205 281
225 236
225 226
225 271
225 257
225 231
225 252
225 289
225 232
225 281
177 180
177 192
177 185
177 204
177 191
177 190
177 194
177 197
177 179
177 236
177 187
177 181
177 182
177 196
177 207
177 203
177 226
177 211
177 178
177 271
177 209
177 221
177 218
177 257
177 231
177 199
177 206
177 220
177 214
177 252
177 212
177 186
177 289
177 215
177 193
177 232
177 281
177 205
177 225
177 293
223 236
223 226
223 271
223 257
223 231
223 252
223 289
223 232
223 281
223 225
223 293
256 271
256 257
256 289
256 281
256 293
202 204
202 236
202 207
202 203
202 226
202 211
202 271
202 209
202 221
202 218
202 257
202 231
202 206
202 220
202 214
202 252
202 212
202 289
202 215
202 232
202 281
202 205
202 225
202 293
202 223
202 256
208 236
208 226
208 211
208 271
208 209
208 221
208 218
208 257
208 231
208 220
208 214
208 252
208 212
208 289
208 215
208 232
208 281
208 225
208 293
208 223
208 256
208 305
249 271
249 257
249 252
249 289
249 281
249 293
249 256
249 305
239 271
239 257
239 252
239 289
239 281
239 293
239 256
239 305
239 249
168 180
168 192
168 185
168 204
168 171
168 191
168 176
168 172
168 190
168 194
168 197
168 179
168 169
168 236
168 187
168 181
168 182
168 196
168 207
168 203
168 226
168 174
168 211
168 178
168 271
168 209
168 173
168 221
168 218
168 175
168 257
168 231
168 170
168 199
168 206
168 220
168 214
168 252
168 212
168 186
168 289
168 215
168 193
168 232
168 281
168 205
168 225
168 293
168 177
168 223
168 256
168 202
168 305
168 208
168 249
168 239
264 271
264 289
264 281
264 293
264 305
295 305
224 236
224 226
224 271
224 257
224 231
224 252
224 289
224 232
224 281
224 225
224 293
224 256
224 305
224 249
224 239
224 264
224 295
294 305
294 295
198 204
198 236
198 207
198 203
198 226
198 211
198 271
198 209
198 221
198 218
198 257
198 231
198 199
198 206
198 220
198 214
198 252
198 212
198 289
198 215
198 232
198 281
198 205
198 225
198 293
198 223
198 256
198 202
198 305
198 208
198 249
198 239
198 264
198 295
198 224
198 294
183 192
183 185
183 204
183 191
183 190
183 194
183 197
183 236
183 187
183 196
183 207
183 203
183 226
183 211
183 271
183 209
183 221
183 218
183 257
183 231
183 199
183 206
183 220
183 214
183 252
183 212
183 186
183 289
183 215
183 193
183 232
183 281
183 205
183 225
183 293
183 223
183 256
183 202
183 305
183 208
183 249
183 239
183 264
183 295
183 224
183 294
183 198
195 204
195 197
195 236
195 196
195 207
195 203
195 226
195 211
195 271
195 209
195 221
195 218
195 257
195 231
195 199
195 206
195 220
195 214
195 252
195 212
195 289
195 215
195 232
195 281
195 205
195 225
195 293
195 223
195 256
195 202
195 305
195 208
195 249
195 239
195 264
195 295
195 224
195 294
195 198
265 271
265 289
265 281
265 293
265 305
265 295
265 294
216 236
216 226
216 271
216 221
216 218
216 257
216 231
216 220
216 252
216 289
216 232
216 281
216 225
216 293
216 223
216 256
216 305
216 249
216 239
216 264
216 295
216 224
216 294
216 265
269 271
269 289
269 281
269 293
269 305
269 295
269 294
184 192
184 185
184 204
184 191
184 190
184 194
184 197
184 236
184 187
184 196
184 207
184 203
184 226
184 211
184 271
184 209
184 221
184 218
184 257
184 231
184 199
184 206
184 220
184 214
184 252
184 212
184 186
184 289
184 215
184 193
184 232
184 281
184 205
184 225
184 293
184 223
184 256
184 202
184 305
184 208
184 249
184 239
184 264
184 295
184 224
184 294
184 198
184 195
184 265
184 216
184 269
184 321
244 271
244 257
244 252
244 289
244 281
244 293
244 256
244 305
244 249
244 264
244 295
244 294
244 265
244 269
244 321
250 271
250 257
250 252
250 289
250 281
250 293
250 256
250 305
250 264
250 295
250 294
250 265
250 269
250 321
230 236
230 271
230 257
230 231
230 252
230 289
230 232
230 281
230 293
230 256
230 305
230 249
230 239
230 264
230 295
230 294
230 265
230 269
230 321
230 244
230 250
189 192
189 204
189 191
189 190
189 194
189 197
189 236
189 196
189 207
189 203
189 226
189 211
189 271
189 209
189 221
189 218
189 257
189 231
189 199
189 206
189 220
189 214
189 252
189 212
189 289
189 215
189 193
189 232
189 281
189 205
189 225
189 293
189 223
189 256
189 202
189 305
189 208
189 249
189 239
189 264
189 295
189 224
189 294
189 198
189 195
189 265
189 216
189 269
189 321
189 244
189 250
189 230
188 192
188 204
188 191
188 190
188 194
188 197
188 236
188 196
188 207
188 203
188 226
188 211
188 271
188 209
188 221
188 218
188 257
188 231
188 199
188 206
188 220
188 214
188 252
188 212
188 289
188 215
188 193
188 232
188 281
188 205
188 225
188 293
188 223
188 256
188 202
188 305
188 208
188 249
188 239
188 264
188 295
188 224
188 294
188 198
188 195
188 265
188 216
188 269
188 321
188 244
188 250
188 230
188 189
311 321
233 236
233 271
233 257
233 252
233 289
233 281
233 293
233 256
233 305
233 249
233 239
233 264
233 295
233 294
233 265
233 269
233 321
233 244
233 250
233 311
227 236
227 271
227 257
227 231
227 252
227 289
227 232
227 281
227 293
227 256
227 305
227 249
227 239
227 264
227 295
227 294
227 265
227 269
227 321
227 244
227 250
227 230
227 311
227 233
306 321
306 311
235 236
235 271
235 257
235 252
235 289
235 281
235 293
235 256
235 305
235 249
235 239
235 264
235 295
235 294
235 265
235 269
235 321
235 244
235 250
235 311
235 306
299 305
299 321
299 311
299 306
263 271
263 289
263 281
263 293
263 305
263 264
263 295
263 294
263 265
263 269
263 321
263 311
263 306
263 299
261 271
261 289
261 281
261 293
261 305
261 264
261 295
261 294
261 265
261 269
261 321
261 311
261 306
261 299
261 263
274 289
274 281
274 293
274 305
274 295
274 294
274 321
274 311
274 306
274 299
260 271
260 289
260 281
260 293
260 305
260 264
260 295
260 294
260 265
260 269
260 321
260 311
260 306
260 299
260 263
260 261
260 274
237 271
237 257
237 252
237 289
237 281
237 293
237 256
237 305
237 249
237 239
237 264
237 295
237 294
237 265
237 269
237 321
237 244
237 250
237 311
237 306
237 299
237 263
237 261
237 274
237 260
219 236
219 226
219 271
219 221
219 257
219 231
219 220
219 252
219 289
219 232
219 281
219 225
219 293
219 223
219 256
219 305
219 249
219 239
219 264
219 295
219 224
219 294
219 265
219 269
219 321
219 244
219 250
219 230
219 311
219 233
219 227
219 306
219 235
219 299
219 263
219 261
219 274
219 260
219 237
241 271
241 257
241 252
241 289
241 281
241 293
241 256
241 305
241 249
241 264
241 295
241 294
241 265
241 269
241 321
241 244
241 250
241 311
241 306
241 299
241 263
241 261
241 274
241 260
253 271
253 257
253 289
253 281
253 293
253 256
253 305
253 264
253 295
253 294
253 265
253 269
253 321
253 311
253 306
253 299
253 263
253 261
253 274
253 260
318 321
246 271
246 257
246 252
246 289
246 281
246 293
246 256
246 305
246 249
246 264
246 295
246 294
246 265
246 269
246 321
246 250
246 311
246 306
246 299
246 263
246 261
246 274
246 260
246 253
246 318
213 236
213 226
213 271
213 221
213 218
213 257
213 231
213 220
213 214
213 252
213 289
213 215
213 232
213 281
213 225
213 293
213 223
213 256
213 305
213 249
213 239
213 264
213 295
213 224
213 294
213 265
213 216
213 269
213 321
213 244
213 250
213 230
213 311
213 233
213 227
213 306
213 235
213 299
213 263
213 261
213 274
213 260
213 237
213 219
213 241
213 253
213 318
213 246
278 289
278 281
278 293
278 305
278 295
278 294
278 321
278 311
278 306
278 299
278 318
217 236
217 226
217 271
217 221
217 218
217 257
217 231
217 220
217 252
217 289
217 232
217 281
217 225
217 293
217 223
217 256
217 305
217 249
217 239
217 264
217 295
217 224
217 294
217 265
217 269
217 321
217 244
217 250
217 230
217 311
217 233
217 227
217 306
217 235
217 299
217 263
217 261
217 274
217 260
217 237
217 219
217 241
217 253
217 318
217 246
217 278
273 289
273 281
273 293
273 305
273 295
273 294
273 321
273 311
273 306
273 299
273 274
273 318
273 278
285 289
285 293
285 305
285 295
285 294
285 321
285 311
285 306
285 299
285 318
285 357
335 357
300 305
300 321
300 311
300 306
300 318
300 357
300 335
222 236
222 226
222 271
222 257
222 231
222 252
222 289
222 232
222 281
222 225
222 293
222 223
222 256
222 305
222 249
222 239
222 264
222 295
222 224
222 294
222 265
222 269
222 321
222 244
222 250
222 230
222 311
222 233
222 227
222 306
222 235
222 299
222 263
222 261
222 274
222 260
222 237
222 241
222 253
222 318
222 246
222 278
222 273
222 357
222 285
222 335
222 300
201 204
201 236
201 207
201 203
201 226
201 211
201 271
201 209
201 221
201 218
201 257
201 231
201 206
201 220
201 214
201 252
201 212
201 289
201 215
201 232
201 281
201 205
201 225
201 293
201 223
201 256
201 202
201 305
201 208
201 249
201 239
201 264
201 295
201 224
201 294
201 265
201 216
201 269
201 321
201 244
201 250
201 230
201 311
201 233
201 227
201 306
201 235
201 299
201 263
201 261
201 274
201 260
201 237
201 219
201 241
201 253
201 318
201 246
201 213
201 278
201 217
201 273
201 357
201 285
201 335
201 300
201 222
251 271
251 257
251 252
251 289
251 281
251 293
251 256
251 305
251 264
251 295
251 294
251 265
251 269
251 321
251 311
251 306
251 299
251 263
251 261
251 274
251 260
251 253
251 318
251 278
251 273
251 357
251 285
251 335
251 300
229 236
229 271
229 257
229 231
229 252
229 289
229 232
229 281
229 293
229 256
229 305
229 249
229 239
229 264
229 295
229 294
229 265
229 269
229 321
229 244
229 250
229 230
229 311
229 233
229 306
229 235
229 299
229 263
229 261
229 274
229 260
229 237
229 241
229 253
229 318
229 246
229 278
229 273
229 357
229 285
229 335
229 300
229 251
210 236
210 226
210 211
210 271
210 221
210 218
210 257
210 231
210 220
210 214
210 252
210 212
210 289
210 215
210 232
210 281
210 225
210 293
210 223
210 256
210 305
210 249
210 239
210 264
210 295
210 224
210 294
210 265
210 216
210 269
210 321
210 244
210 250
210 230
210 311
210 233
210 227
210 306
210 235
210 299
210 263
210 261
210 274
210 260
210 237
210 219
210 241
210 253
210 318
210 246
210 213
210 278
210 217
210 273
210 357
210 285
210 335
210 300
210 222
210 251
210 229
243 271
243 257
243 252
243 289
243 281
243 293
243 256
243 305
243 249
243 264
243 295
243 294
243 265
243 269
243 321
243 244
243 250
243 311
243 306
243 299
243 263
243 261
243 274
243 260
243 253
243 318
243 246
243 278
243 273
243 357
243 285
243 335
243 300
243 251
247 271
247 257
247 252
247 289
247 281
247 293
247 256
247 305
247 249
247 264
247 295
247 294
247 265
247 269
247 321
247 250
247 311
247 306
247 299
247 263
247 261
247 274
247 260
247 253
247 318
247 278
247 273
247 357
247 285
247 335
247 300
247 251
308 321
308 311
308 318
308 357
308 335
279 289
279 281
279 293
279 305
279 295
279 294
279 321
279 311
279 306
279 299
279 318
279 357
279 285
279 335
279 300
279 308
240 271
240 257
240 252
240 289
240 281
240 293
240 256
240 305
240 249
240 264
240 295
240 294
240 265
240 269
240 321
240 244
240 250
240 311
240 306
240 299
240 263
240 261
240 274
240 260
240 241
240 253
240 318
240 246
240 278
240 273
240 357
240 285
240 335
240 300
240 251
240 243
240 247
240 308
240 279
282 289
282 293
282 305
282 295
282 294
282 321
282 311
282 306
282 299
282 318
282 357
282 285
282 335
282 300
282 308
228 236
228 271
228 257
228 231
228 252
228 289
228 232
228 281
228 293
228 256
228 305
228 249
228 239
228 264
228 295
228 294
228 265
228 269
228 321
228 244
228 250
228 230
228 311
228 233
228 306
228 235
228 299
228 263
228 261
228 274
228 260
228 237
228 241
228 253
228 318
228 246
228 278
228 273
228 357
228 285
228 335
228 300
228 251
228 229
228 243
228 247
228 308
228 279
228 240
228 282
200 204
200 236
200 207
200 203
200 226
200 211
200 271
200 209
200 221
200 218
200 257
200 231
200 206
200 220
200 214
200 252
200 212
200 289
200 215
200 232
200 281
200 205
200 225
200 293
200 223
200 256
200 202
200 305
200 208
200 249
200 239
200 264
200 295
200 224
200 294
200 265
200 216
200 269
200 321
200 244
200 250
200 230
200 311
200 233
200 227
200 306
200 235
200 299
200 263
200 261
200 274
200 260
200 237
200 219
200 241
200 253
200 318
200 246
200 213
200 278
200 217
200 273
200 357
200 285
200 335
200 300
200 222
200 201
200 251
200 229
200 210
200 243
200 247
200 308
200 279
200 240
200 282
200 228
275 289
275 281
275 293
275 305
275 295
275 294
275 321
275 311
275 306
275 299
275 318
275 278
275 357
275 285
275 335
275 300
275 308
275 279
275 282
270 271
270 289
270 281
270 293
270 305
270 295
270 294
270 321
270 311
270 306
270 299
270 274
270 318
270 278
270 273
270 357
270 285
270 335
270 300
270 308
270 279
270 282
270 275
277 289
277 281
277 293
277 305
277 295
277 294
277 321
277 311
277 306
277 299
277 318
277 278
277 357
277 285
277 335
277 300
277 308
277 279
277 282
304 305
304 321
304 311
304 306
304 318
304 357
304 335
304 308
296 305
296 321
296 311
296 306
296 299
296 318
296 357
296 335
296 300
296 308
296 304
302 305
302 321
302 311
302 306
302 318
302 357
302 335
302 308
302 304
284 289
284 293
284 305
284 295
284 294
284 321
284 311
284 306
284 299
284 318
284 357
284 285
284 335
284 300
284 308
284 304
284 296
284 302
291 293
291 305
291 295
291 294
291 321
291 311
291 306
291 299
291 318
291 357
291 335
291 300
291 308
291 304
291 296
291 302
238 271
238 257
238 252
238 289
238 281
238 293
238 256
238 305
238 249
238 239
238 264
238 295
238 294
238 265
238 269
238 321
238 244
238 250
238 311
238 306
238 299
238 263
238 261
238 274
238 260
238 241
238 253
238 318
238 246
238 278
238 273
238 357
238 285
238 335
238 300
238 251
238 243
238 247
238 308
238 279
238 240
238 282
238 275
238 270
238 277
238 304
238 296
238 302
238 284
238 291
348 357
314 321
314 318
314 357
314 335
314 348
254 271
254 257
254 289
254 281
254 293
254 256
254 305
254 264
254 295
254 294
254 265
254 269
254 321
254 311
254 306
254 299
254 263
254 261
254 274
254 260
254 318
254 278
254 273
254 357
254 285
254 335
254 300
254 308
254 279
254 282
254 275
254 270
254 277
254 304
254 296
254 302
254 284
254 291
254 348
254 314
307 321
307 311
307 318
307 357
307 335
307 308
307 348
307 314
316 321
316 318
316 357
316 335
316 348
266 271
266 289
266 281
266 293
266 305
266 295
266 294
266 269
266 321
266 311
266 306
266 299
266 274
266 318
266 278
266 273
266 357
266 285
266 335
266 300
266 308
266 279
266 282
266 275
266 270
266 277
266 304
266 296
266 302
266 284
266 291
266 348
266 314
266 307
266 316
242 271
242 257
242 252
242 289
242 281
242 293
242 256
242 305
242 249
242 264
242 295
242 294
242 265
242 269
242 321
242 244
242 250
242 311
242 306
242 299
242 263
242 261
242 274
242 260
242 253
242 318
242 246
242 278
242 273
242 357
242 285
242 335
242 300
242 251
242 243
242 247
242 308
242 279
242 282
242 275
242 270
242 277
242 304
242 296
242 302
242 284
242 291
242 348
242 314
242 254
242 307
242 316
242 266
267 271
267 289
267 281
267 293
267 305
267 295
267 294
267 269
267 321
267 311
267 306
267 299
267 274
267 318
267 278
267 273
267 357
267 285
267 335
267 300
267 308
267 279
267 282
267 275
267 270
267 277
267 304
267 296
267 302
267 284
267 291
267 348
267 314
267 307
267 316
353 357
324 357
324 335
324 348
324 353
324 363
324 369
258 271
258 289
258 281
258 293
258 305
258 264
258 295
258 294
258 265
258 269
258 321
258 311
258 306
258 299
258 263
258 261
258 274
258 260
258 318
258 278
258 273
258 357
258 285
258 335
258 300
258 308
258 279
258 282
258 275
258 270
258 277
258 304
258 296
258 302
258 284
258 291
258 348
258 314
258 307
258 316
258 266
258 267
258 353
258 363
258 369
258 324
255 271
255 257
255 289
255 281
255 293
255 256
255 305
255 264
255 295
255 294
255 265
255 269
255 321
255 311
255 306
255 299
255 263
255 261
255 274
255 260
255 318
255 278
255 273
255 357
255 285
255 335
255 300
255 308
255 279
255 282
255 275
255 270
255 277
255 304
255 296
255 302
255 284
255 291
255 348
255 314
255 307
255 316
255 266
255 267
255 353
255 363
255 369
255 324
255 258
315 321
315 318
315 357
315 335
315 348
315 316
315 353
315 363
315 369
315 324
328 357
328 335
328 348
328 353
328 363
328 369
325 357
325 335
325 348
325 353
325 363
325 369
325 328
290 293
290 305
290 295
290 294
290 321
290 311
290 306
290 299
290 318
290 357
290 335
290 300
290 308
290 304
290 296
290 302
290 291
290 348
290 314
290 307
290 316
290 353
290 363
290 369
290 324
290 315
290 328
290 325
287 289
287 293
287 305
287 295
287 294
287 321
287 311
287 306
287 299
287 318
287 357
287 335
287 300
287 308
287 304
287 296
287 302
287 291
287 348
287 314
287 307
287 316
287 353
287 363
287 369
287 324
287 315
287 328
287 325
287 290
339 357
339 348
339 353
339 363
339 369
344 357
344 348
344 353
344 363
344 369
245 271
245 257
245 252
245 289
245 281
245 293
245 256
245 305
245 249
245 264
245 295
245 294
245 265
245 269
245 321
245 250
245 311
245 306
245 299
245 263
245 261
245 274
245 260
245 253
245 318
245 246
245 278
245 273
245 357
245 285
245 335
245 300
245 251
245 247
245 308
245 279
245 282
245 275
245 270
245 277
245 304
245 296
245 302
245 284
245 291
245 348
245 314
245 254
245 307
245 316
245 266
245 267
245 353
245 363
245 369
245 324
245 258
245 255
245 315
245 328
245 325
245 290
245 287
245 339
245 344
336 357
336 348
336 353
336 363
336 369
336 339
336 344
262 271
262 289
262 281
262 293
262 305
262 264
262 295
262 294
262 265
262 269
262 321
262 311
262 306
262 299
262 263
262 274
262 318
262 278
262 273
262 357
262 285
262 335
262 300
262 308
262 279
262 282
262 275
262 270
262 277
262 304
262 296
262 302
262 284
262 291
262 348
262 314
262 307
262 316
262 266
262 267
262 353
262 363
262 369
262 324
262 315
262 328
262 325
262 290
262 287
262 339
262 344
262 336
320 321
320 357
320 335
320 348
320 353
320 363
320 369
320 324
320 328
320 325
320 339
320 344
320 336
286 289
286 293
286 305
286 295
286 294
286 321
286 311
286 306
286 299
286 318
286 357
286 335
286 300
286 308
286 304
286 296
286 302
286 291
286 348
286 314
286 307
286 316
286 353
286 363
286 369
286 324
286 315
286 328
286 325
286 290
286 287
286 339
286 344
286 336
286 320
340 357
340 348
340 353
340 363
340 369
340 344
303 305
303 321
303 311
303 306
303 318
303 357
303 335
303 308
303 304
303 348
303 314
303 307
303 316
303 353
303 363
303 369
303 324
303 315
303 328
303 325
303 339
303 344
303 336
303 320
303 340
268 271
268 289
268 281
268 293
268 305
268 295
268 294
268 269
268 321
268 311
268 306
268 299
268 274
268 318
268 278
268 273
268 357
268 285
268 335
268 300
268 308
268 279
268 282
268 275
268 270
268 277
268 304
268 296
268 302
268 284
268 291
268 348
268 314
268 307
268 316
268 353
268 363
268 369
268 324
268 315
268 328
268 325
268 290
268 287
268 339
268 344
268 336
268 320
268 286
268 340
268 303
313 321
313 318
313 357
313 335
313 348
313 314
313 316
313 353
313 363
313 369
313 324
313 315
313 328
313 325
313 339
313 344
313 336
313 320
313 340
283 289
283 293
283 305
283 295
283 294
283 321
283 311
283 306
283 299
283 318
283 357
283 285
283 335
283 300
283 308
283 304
283 296
283 302
283 284
283 291
283 348
283 314
283 307
283 316
283 353
283 363
283 369
283 324
283 315
283 328
283 325
283 290
283 287
283 339
283 344
283 336
283 320
283 286
283 340
283 303
283 313
259 271
259 289
259 281
259 293
259 305
259 264
259 295
259 294
259 265
259 269
259 321
259 311
259 306
259 299
259 263
259 261
259 274
259 260
259 318
259 278
259 273
259 357
259 285
259 335
259 300
259 308
259 279
259 282
259 275
259 270
259 277
259 304
259 296
259 302
259 284
259 291
259 348
259 314
259 307
259 316
259 266
259 267
259 353
259 363
259 369
259 324
259 315
259 328
259 325
259 290
259 287
259 339
259 344
259 336
259 262
259 320
259 286
259 340
259 303
259 268
259 313
259 283
276 289
276 281
276 293
276 305
276 295
276 294
276 321
276 311
276 306
276 299
276 318
276 278
276 357
276 285
276 335
276 300
276 308
276 279
276 282
276 277
276 304
276 296
276 302
276 284
276 291
276 348
276 314
276 307
276 316
276 353
276 363
276 369
276 324
276 315
276 328
276 325
276 290
276 287
276 339
276 344
276 336
276 320
276 286
276 340
276 303
276 313
276 283
276 386
356 357
356 363
356 369
356 386
301 305
301 321
301 311
301 306
301 318
301 357
301 335
301 308
301 304
301 302
301 348
301 314
301 307
301 316
301 353
301 363
301 369
301 324
301 315
301 328
301 325
301 339
301 344
301 336
301 320
301 340
301 303
301 313
301 386
301 356
338 357
338 348
338 353
338 363
338 369
338 339
338 344
338 340
338 386
338 356
383 386
288 289
288 293
288 305
288 295
288 294
288 321
288 311
288 306
288 299
288 318
288 357
288 335
288 300
288 308
288 304
288 296
288 302
288 291
288 348
288 314
288 307
288 316
288 353
288 363
288 369
288 324
288 315
288 328
288 325
288 290
288 339
288 344
288 336
288 320
288 340
288 303
288 313
288 386
288 356
288 301
288 338
288 383
234 236
234 271
234 257
234 252
234 289
234 281
234 293
234 256
234 305
234 249
234 239
234 264
234 295
234 294
234 265
234 269
234 321
234 244
234 250
234 311
234 306
234 235
234 299
234 263
234 261
234 274
234 260
234 237
234 241
234 253
234 318
234 246
234 278
234 273
234 357
234 285
234 335
234 300
234 251
234 243
234 247
234 308
234 279
234 240
234 282
234 275
234 270
234 277
234 304
234 296
234 302
234 284
234 291
234 238
234 348
234 314
234 254
234 307
234 316
234 266
234 242
234 267
234 353
234 363
234 369
234 324
234 258
234 255
234 315
234 328
234 325
234 290
234 287
234 339
234 344
234 245
234 336
234 262
234 320
234 286
234 340
234 303
234 268
234 313
234 283
234 259
234 386
234 276
234 356
234 301
234 338
234 383
234 288
354 357
354 363
354 369
354 386
354 356
354 383
354 428
327 357
327 335
327 348
327 353
327 363
327 369
327 328
327 339
327 344
327 336
327 340
327 386
327 356
327 338
327 383
327 428
327 354
333 357
333 335
333 348
333 353
333 363
333 369
333 339
333 344
333 336
333 340
333 386
333 356
333 338
333 383
333 428
333 354
272 289
272 281
272 293
272 305
272 295
272 294
272 321
272 311
272 306
272 299
272 274
272 318
272 278
272 273
272 357
272 285
272 335
272 300
272 308
272 279
272 282
272 275
272 277
272 304
272 296
272 302
272 284
272 291
272 348
272 314
272 307
272 316
272 353
272 363
272 369
272 324
272 315
272 328
272 325
272 290
272 287
272 339
272 344
272 336
272 320
272 286
272 340
272 303
272 313
272 283
272 386
272 276
272 356
272 301
272 338
272 383
272 288
272 428
272 354
272 327
272 333
309 321
309 311
309 318
309 357
309 335
309 348
309 314
309 316
309 353
309 363
309 369
309 324
309 315
309 328
309 325
309 339
309 344
309 336
309 320
309 340
309 313
309 386
309 356
309 338
309 383
309 428
309 354
309 327
309 333
417 428
248 271
248 257
248 252
248 289
248 281
248 293
248 256
248 305
248 249
248 264
248 295
248 294
248 265
248 269
248 321
248 250
248 311
248 306
248 299
248 263
248 261
248 274
248 260
248 253
248 318
248 278
248 273
248 357
248 285
248 335
248 300
248 251
248 308
248 279
248 282
248 275
248 270
248 277
248 304
248 296
248 302
248 284
248 291
248 348
248 314
248 254
248 307
248 316
248 266
248 267
248 353
248 363
248 369
248 324
248 258
248 255
248 315
248 328
248 325
248 290
248 287
248 339
248 344
248 336
248 262
248 320
248 286
248 340
248 303
248 268
248 313
248 283
248 259
248 386
248 276
248 356
248 301
248 338
248 383
248 288
248 428
248 354
248 327
248 333
248 272
248 309
248 417
331 357
331 335
331 348
331 353
331 363
331 369
331 339
331 344
331 336
331 340
331 386
331 356
331 338
331 383
331 428
331 354
331 333
331 417
368 369
368 386
368 383
368 428
368 417
402 428
402 417
297 305
297 321
297 311
297 306
297 299
297 318
297 357
297 335
297 300
297 308
297 304
297 302
297 348
297 314
297 307
297 316
297 353
297 363
297 369
297 324
297 315
297 328
297 325
297 339
297 344
297 336
297 320
297 340
297 303
297 313
297 386
297 356
297 301
297 338
297 383
297 428
297 354
297 327
297 333
297 309
297 417
297 331
297 368
297 402
337 357
337 348
337 353
337 363
337 369
337 339
337 344
337 340
337 386
337 356
337 338
337 383
337 428
337 354
337 417
337 368
337 402
370 386
370 383
370 428
370 417
370 402
332 357
332 335
332 348
332 353
332 363
332 369
332 339
332 344
332 336
332 340
332 386
332 356
332 338
332 383
332 428
332 354
332 333
332 417
332 368
332 402
332 337
332 370
359 363
359 369
359 386
359 383
359 428
359 417
359 368
359 402
359 370
323 357
323 335
323 348
323 353
323 363
323 369
323 324
323 328
323 325
323 339
323 344
323 336
323 340
323 386
323 356
323 338
323 383
323 428
323 354
323 327
323 333
323 417
323 331
323 368
323 402
323 337
323 370
323 332
323 359
292 293
292 305
292 295
292 294
292 321
292 311
292 306
292 299
292 318
292 357
292 335
292 300
292 308
292 304
292 296
292 302
292 348
292 314
292 307
292 316
292 353
292 363
292 369
292 324
292 315
292 328
292 325
292 339
292 344
292 336
292 320
292 340
292 303
292 313
292 386
292 356
292 301
292 338
292 383
292 428
292 354
292 327
292 333
292 309
292 417
292 331
292 368
292 402
292 297
292 337
292 370
292 332
292 359
292 323
312 321
312 318
312 357
312 335
312 348
312 314
312 316
312 353
312 363
312 369
312 324
312 315
312 328
312 325
312 339
312 344
312 336
312 320
312 340
312 313
312 386
312 356
312 338
312 383
312 428
312 354
312 327
312 333
312 417
312 331
312 368
312 402
312 337
312 370
312 332
312 359
312 323
310 321
310 311
310 318
310 357
310 335
310 348
310 314
310 316
310 353
310 363
310 369
310 324
310 315
310 328
310 325
310 339
310 344
310 336
310 320
310 340
310 313
310 386
310 356
310 338
310 383
310 428
310 354
310 327
310 333
310 417
310 331
310 368
310 402
310 337
310 370
310 332
310 359
310 323
310 312
358 363
358 369
358 386
358 383
358 428
358 417
358 368
358 402
358 370
358 359
376 386
376 383
376 428
376 417
376 402
362 363
362 369
362 386
362 383
362 428
362 417
362 368
362 402
362 370
362 376
411 428
411 417
400 428
400 417
400 402
400 411
389 428
389 417
389 402
389 411
389 400
317 321
317 318
317 357
317 335
317 348
317 353
317 363
317 369
317 324
317 328
317 325
317 339
317 344
317 336
317 320
317 340
317 386
317 356
317 338
317 383
317 428
317 354
317 327
317 333
317 417
317 331
317 368
317 402
317 337
317 370
317 332
317 359
317 323
317 358
317 376
317 362
317 411
317 400
317 389
388 428
388 417
388 402
388 411
388 400
388 389
341 357
341 348
341 353
341 363
341 369
341 344
341 386
341 356
341 383
341 428
341 354
341 417
341 368
341 402
341 370
341 359
341 358
341 376
341 362
341 411
341 400
341 389
341 388
371 386
371 383
371 428
371 417
371 402
371 376
371 411
371 400
371 389
371 388
322 357
322 335
322 348
322 353
322 363
322 369
322 324
322 328
322 325
322 339
322 344
322 336
322 340
322 386
322 356
322 338
322 383
322 428
322 354
322 327
322 333
322 417
322 331
322 368
322 402
322 337
322 370
322 332
322 359
322 323
322 358
322 376
322 362
322 411
322 400
322 389
322 388
322 341
322 371
343 357
343 348
343 353
343 363
343 369
343 344
343 386
343 356
343 383
343 428
343 354
343 417
343 368
343 402
343 370
343 359
343 358
343 376
343 362
343 411
343 400
343 389
343 388
343 371
350 357
350 353
350 363
350 369
350 386
350 356
350 383
350 428
350 354
350 417
350 368
350 402
350 370
350 359
350 358
350 376
350 362
350 411
350 400
350 389
350 388
350 371
361 363
361 369
361 386
361 383
361 428
361 417
361 368
361 402
361 370
361 376
361 362
361 411
361 400
361 389
361 388
361 371
326 357
326 335
326 348
326 353
326 363
326 369
326 328
326 339
326 344
326 336
326 340
326 386
326 356
326 338
326 383
326 428
326 354
326 327
326 333
326 417
326 331
326 368
326 402
326 337
326 370
326 332
326 359
326 358
326 376
326 362
326 411
326 400
326 389
326 388
326 341
326 371
326 343
326 350
326 361
385 386
385 428
385 417
385 402
385 411
385 400
385 389
385 388
347 357
347 348
347 353
347 363
347 369
347 386
347 356
347 383
347 428
347 354
347 417
347 368
347 402
347 370
347 359
347 358
347 376
347 362
347 411
347 400
347 389
347 388
347 371
347 350
347 361
347 385
420 428
351 357
351 353
351 363
351 369
351 386
351 356
351 383
351 428
351 354
351 417
351 368
351 402
351 370
351 359
351 358
351 376
351 362
351 411
351 400
351 389
351 388
351 371
351 361
351 385
351 420
280 289
280 281
280 293
280 305
280 295
280 294
280 321
280 311
280 306
280 299
280 318
280 357
280 285
280 335
280 300
280 308
280 282
280 304
280 296
280 302
280 284
280 291
280 348
280 314
280 307
280 316
280 353
280 363
280 369
280 324
280 315
280 328
280 325
280 290
280 287
280 339
280 344
280 336
280 320
280 286
280 340
280 303
280 313
280 283
280 386
280 356
280 301
280 338
280 383
280 288
280 428
280 354
280 327
280 333
280 309
280 417
280 331
280 368
280 402
280 297
280 337
280 370
280 332
280 359
280 323
280 292
280 312
280 310
280 358
280 376
280 362
280 411
280 400
280 389
280 317
280 388
280 341
280 371
280 322
280 343
280 350
280 361
280 326
280 385
280 347
280 420
280 351
360 363
360 369
360 386
360 383
360 428
360 417
360 368
360 402
360 370
360 376
360 362
360 411
360 400
360 389
360 388
360 371
360 361
360 385
360 420
334 357
334 335
334 348
334 353
334 363
334 369
334 339
334 344
334 336
334 340
334 386
334 356
334 338
334 383
334 428
334 354
334 417
334 368
334 402
334 337
334 370
334 359
334 358
334 376
334 362
334 411
334 400
334 389
334 388
334 341
334 371
334 343
334 350
334 361
334 385
334 347
334 420
334 351
334 360
367 369
367 386
367 383
367 428
367 417
367 368
367 402
367 370
367 376
367 411
367 400
367 389
367 388
367 371
367 385
367 420
355 357
355 363
355 369
355 386
355 356
355 383
355 428
355 417
355 368
355 402
355 370
355 359
355 358
355 376
355 362
355 411
355 400
355 389
355 388
355 371
355 361
355 385
355 420
355 360
355 367
355 433
342 357
342 348
342 353
342 363
342 369
342 344
342 386
342 356
342 383
342 428
342 354
342 417
342 368
342 402
342 370
342 359
342 358
342 376
342 362
342 411
342 400
342 389
342 388
342 371
342 343
342 350
342 361
342 385
342 347
342 420
342 351
342 360
342 367
342 433
342 355
387 428
387 417
387 402
387 411
387 400
387 389
387 388
387 420
387 433
372 386
372 383
372 428
372 417
372 402
372 376
372 411
372 400
372 389
372 388
372 385
372 420
372 433
372 387
373 386
373 383
373 428
373 417
373 402
373 376
373 411
373 400
373 389
373 388
373 385
373 420
373 433
373 387
382 386
382 383
382 428
382 417
382 402
382 411
382 400
382 389
382 388
382 385
382 420
382 433
382 387
406 428
406 417
406 411
406 420
406 433
406 445
427 428
427 433
427 445
408 428
408 417
408 411
408 420
408 433
408 445
408 427
405 428
405 417
405 411
405 420
405 433
405 445
405 406
405 427
405 408
319 321
319 357
319 335
319 348
319 353
319 363
319 369
319 324
319 328
319 325
319 339
319 344
319 336
319 320
319 340
319 386
319 356
319 338
319 383
319 428
319 354
319 327
319 333
319 417
319 331
319 368
319 402
319 337
319 370
319 332
319 359
319 323
319 358
319 376
319 362
319 411
319 400
319 389
319 388
319 341
319 371
319 322
319 343
319 350
319 361
319 326
319 385
319 347
319 420
319 351
319 360
319 334
319 367
319 433
319 355
319 342
319 387
319 372
319 373
319 382
319 445
319 406
319 427
319 408
319 405
390 428
390 417
390 402
390 411
390 400
390 420
390 433
390 445
390 406
390 427
390 408
390 405
412 428
412 417
412 420
412 433
412 445
412 427
298 305
298 321
298 311
298 306
298 299
298 318
298 357
298 335
298 300
298 308
298 304
298 302
298 348
298 314
298 307
298 316
298 353
298 363
298 369
298 324
298 315
298 328
298 325
298 339
298 344
298 336
298 320
298 340
298 303
298 313
298 386
298 356
298 301
298 338
298 383
298 428
298 354
298 327
298 333
298 309
298 417
298 331
298 368
298 402
298 337
298 370
298 332
298 359
298 323
298 312
298 310
298 358
298 376
298 362
298 411
298 400
298 389
298 317
298 388
298 341
298 371
298 322
298 343
298 350
298 361
298 326
298 385
298 347
298 420
298 351
298 360
298 334
298 367
298 433
298 355
298 342
298 387
298 372
298 373
298 382
298 445
298 406
298 427
298 408
298 405
298 319
298 390
298 412
409 428
409 417
409 411
409 420
409 433
409 445
409 427
409 412
352 357
352 353
352 363
352 369
352 386
352 356
352 383
352 428
352 354
352 417
352 368
352 402
352 370
352 359
352 358
352 376
352 362
352 411
352 400
352 389
352 388
352 371
352 361
352 385
352 420
352 360
352 367
352 433
352 355
352 387
352 372
352 373
352 382
352 445
352 406
352 427
352 408
352 405
352 390
352 412
352 409
430 433
430 445
403 428
403 417
403 411
403 420
403 433
403 445
403 406
403 427
403 408
403 405
403 412
403 409
403 430
364 369
364 386
364 383
364 428
364 417
364 368
364 402
364 370
364 376
364 411
364 400
364 389
364 388
364 371
364 385
364 420
364 367
364 433
364 387
364 372
364 373
364 382
364 445
364 406
364 427
364 408
364 405
364 390
364 412
364 409
364 430
364 403
419 428
419 420
419 433
419 445
419 427
419 430
346 357
346 348
346 353
346 363
346 369
346 386
346 356
346 383
346 428
346 354
346 417
346 368
346 402
346 370
346 359
346 358
346 376
346 362
346 411
346 400
346 389
346 388
346 371
346 350
346 361
346 385
346 347
346 420
346 351
346 360
346 367
346 433
346 355
346 387
346 372
346 373
346 382
346 445
346 406
346 427
346 408
346 405
346 390
346 412
346 409
346 352
346 430
346 403
346 364
346 419
393 428
393 417
393 402
393 411
393 400
393 420
393 433
393 445
393 406
393 427
393 408
393 405
393 412
393 409
393 430
393 403
393 419
375 386
375 383
375 428
375 417
375 402
375 376
375 411
375 400
375 389
375 388
375 385
375 420
375 433
375 387
375 382
375 445
375 406
375 427
375 408
375 405
375 390
375 412
375 409
375 430
375 403
375 419
375 393
349 357
349 353
349 363
349 369
349 386
349 356
349 383
349 428
349 354
349 417
349 368
349 402
349 370
349 359
349 358
349 376
349 362
349 411
349 400
349 389
349 388
349 371
349 350
349 361
349 385
349 420
349 351
349 360
349 367
349 433
349 355
349 387
349 372
349 373
349 382
349 445
349 406
349 427
349 408
349 405
349 390
349 412
349 409
349 352
349 430
349 403
349 364
349 419
349 393
349 375
398 428
398 417
398 402
398 411
398 400
398 420
398 433
398 445
398 406
398 427
398 408
398 405
398 412
398 409
398 430
398 403
398 419
407 428
407 417
407 411
407 420
407 433
407 445
407 427
407 408
407 412
407 409
407 430
407 419
377 386
377 383
377 428
377 417
377 402
377 411
377 400
377 389
377 388
377 385
377 420
377 433
377 387
377 382
377 445
377 406
377 427
377 408
377 405
377 390
377 412
377 409
377 430
377 403
377 419
377 393
377 398
377 407
443 445
329 357
329 335
329 348
329 353
329 363
329 369
329 339
329 344
329 336
329 340
329 386
329 356
329 338
329 383
329 428
329 354
329 333
329 417
329 331
329 368
329 402
329 337
329 370
329 332
329 359
329 358
329 376
329 362
329 411
329 400
329 389
329 388
329 341
329 371
329 343
329 350
329 361
329 385
329 347
329 420
329 351
329 360
329 334
329 367
329 433
329 355
329 342
329 387
329 372
329 373
329 382
329 445
329 406
329 427
329 408
329 405
329 390
329 412
329 409
329 352
329 430
329 403
329 364
329 419
329 346
329 393
329 375
329 349
329 398
329 407
329 377
329 443
413 428
413 417
413 420
413 433
413 445
413 427
413 430
413 419
413 443
410 428
410 417
410 411
410 420
410 433
410 445
410 427
410 412
410 430
410 419
410 443
410 413
396 428
396 417
396 402
396 411
396 400
396 420
396 433
396 445
396 406
396 427
396 408
396 405
396 412
396 409
396 430
396 403
396 419
396 398
396 407
396 443
396 413
396 410
432 433
432 445
432 443
422 428
422 433
422 445
422 427
422 430
422 443
422 432
381 386
381 383
381 428
381 417
381 402
381 411
381 400
381 389
381 388
381 385
381 420
381 433
381 387
381 382
381 445
381 406
381 427
381 408
381 405
381 390
381 412
381 409
381 430
381 403
381 419
381 393
381 398
381 407
381 443
381 413
381 410
381 396
381 432
381 422
440 445
440 443
440 449
439 445
439 443
439 449
439 440
374 386
374 383
374 428
374 417
374 402
374 376
374 411
374 400
374 389
374 388
374 385
374 420
374 433
374 387
374 382
374 445
374 406
374 427
374 408
374 405
374 390
374 412
374 409
374 430
374 403
374 419
374 393
374 375
374 398
374 407
374 377
374 443
374 413
374 410
374 396
374 432
374 422
374 381
374 449
374 440
374 439
436 445
436 443
436 449
436 440
436 439
399 428
399 417
399 402
399 411
399 400
399 420
399 433
399 445
399 406
399 427
399 408
399 405
399 412
399 409
399 430
399 403
399 419
399 407
399 443
399 413
399 410
399 432
399 422
399 449
399 440
399 439
399 436
404 428
404 417
404 411
404 420
404 433
404 445
404 406
404 427
404 408
404 405
404 412
404 409
404 430
404 419
404 407
404 443
404 413
404 410
404 432
404 422
404 449
404 440
404 439
404 436
404 451
434 445
434 443
434 449
434 440
434 439
434 436
434 451
429 433
429 445
429 430
429 443
429 432
429 449
429 440
429 439
429 436
429 451
429 434
397 428
397 417
397 402
397 411
397 400
397 420
397 433
397 445
397 406
397 427
397 408
397 405
397 412
397 409
397 430
397 403
397 419
397 398
397 407
397 443
397 413
397 410
397 432
397 422
397 449
397 440
397 439
397 436
397 399
397 451
397 404
397 434
397 429
330 357
330 335
330 348
330 353
330 363
330 369
330 339
330 344
330 336
330 340
330 386
330 356
330 338
330 383
330 428
330 354
330 333
330 417
330 331
330 368
330 402
330 337
330 370
330 332
330 359
330 358
330 376
330 362
330 411
330 400
330 389
330 388
330 341
330 371
330 343
330 350
330 361
330 385
330 347
330 420
330 351
330 360
330 334
330 367
330 433
330 355
330 342
330 387
330 372
330 373
330 382
330 445
330 406
330 427
330 408
330 405
330 390
330 412
330 409
330 352
330 430
330 403
330 364
330 419
330 346
330 393
330 375
330 349
330 398
330 407
330 377
330 443
330 413
330 410
330 396
330 432
330 422
330 381
330 449
330 440
330 439
330 374
330 436
330 399
330 451
330 404
330 434
330 429
330 397
330 457
415 428
415 417
415 420
415 433
415 445
415 427
415 430
415 419
415 443
415 432
415 422
415 449
415 440
415 439
415 436
415 451
415 434
415 429
415 457
345 357
345 348
345 353
345 363
345 369
345 386
345 356
345 383
345 428
345 354
345 417
345 368
345 402
345 370
345 359
345 358
345 376
345 362
345 411
345 400
345 389
345 388
345 371
345 350
345 361
345 385
345 347
345 420
345 351
345 360
345 367
345 433
345 355
345 387
345 372
345 373
345 382
345 445
345 406
345 427
345 408
345 405
345 390
345 412
345 409
345 352
345 430
345 403
345 364
345 419
345 346
345 393
345 375
345 349
345 398
345 407
345 377
345 443
345 413
345 410
345 396
345 432
345 422
345 381
345 449
345 440
345 439
345 374
345 436
345 399
345 451
345 404
345 434
345 429
345 397
345 457
345 415
379 386
379 383
379 428
379 417
379 402
379 411
379 400
379 389
379 388
379 385
379 420
379 433
379 387
379 382
379 445
379 406
379 427
379 408
379 405
379 390
379 412
379 409
379 430
379 403
379 419
379 393
379 398
379 407
379 443
379 413
379 410
379 396
379 432
379 422
379 381
379 449
379 440
379 439
379 436
379 399
379 451
379 404
379 434
379 429
379 397
379 457
379 415
418 428
418 420
418 433
418 445
418 427
418 430
418 419
418 443
418 432
418 422
418 449
418 440
418 439
418 436
418 451
418 434
418 429
418 457
366 369
366 386
366 383
366 428
366 417
366 368
366 402
366 370
366 376
366 411
366 400
366 389
366 388
366 371
366 385
366 420
366 367
366 433
366 387
366 372
366 373
366 382
366 445
366 406
366 427
366 408
366 405
366 390
366 412
366 409
366 430
366 403
366 419
366 393
366 375
366 398
366 407
366 377
366 443
366 413
366 410
366 396
366 432
366 422
366 381
366 449
366 440
366 439
366 374
366 436
366 399
366 451
366 404
366 434
366 429
366 397
366 457
366 415
366 379
366 418
452 457
455 457
455 459
446 449
446 451
446 457
446 452
446 459
446 455
380 386
380 383
380 428
380 417
380 402
380 411
380 400
380 389
380 388
380 385
380 420
380 433
380 387
380 382
380 445
380 406
380 427
380 408
380 405
380 390
380 412
380 409
380 430
380 403
380 419
380 393
380 398
380 407
380 443
380 413
380 410
380 396
380 432
380 422
380 381
380 449
380 440
380 439
380 436
380 399
380 451
380 404
380 434
380 429
380 397
380 457
380 415
380 418
380 452
380 459
380 455
380 446
384 386
384 428
384 417
384 402
384 411
384 400
384 389
384 388
384 385
384 420
384 433
384 387
384 445
384 406
384 427
384 408
384 405
384 390
384 412
384 409
384 430
384 403
384 419
384 393
384 398
384 407
384 443
384 413
384 410
384 396
384 432
384 422
384 449
384 440
384 439
384 436
384 399
384 451
384 404
384 434
384 429
384 397
384 457
384 415
384 418
384 452
384 459
384 455
384 446
401 428
401 417
401 402
401 411
401 420
401 433
401 445
401 406
401 427
401 408
401 405
401 412
401 409
401 430
401 403
401 419
401 407
401 443
401 413
401 410
401 432
401 422
401 449
401 440
401 439
401 436
401 451
401 404
401 434
401 429
401 457
401 415
401 418
401 452
401 459
401 455
401 446
437 445
437 443
437 449
437 440
437 439
437 451
437 457
437 452
437 459
437 455
437 446
378 386
378 383
378 428
378 417
378 402
378 411
378 400
378 389
378 388
378 385
378 420
378 433
378 387
378 382
378 445
378 406
378 427
378 408
378 405
378 390
378 412
378 409
378 430
378 403
378 419
378 393
378 398
378 407
378 443
378 413
378 410
378 396
378 432
378 422
378 381
378 449
378 440
378 439
378 436
378 399
378 451
378 404
378 434
378 429
378 397
378 457
378 415
378 379
378 418
378 452
378 459
378 455
378 446
378 380
378 384
378 401
378 437
435 445
435 443
435 449
435 440
435 439
435 436
435 451
435 457
435 452
435 459
435 455
435 446
435 437
365 369
365 386
365 383
365 428
365 417
365 368
365 402
365 370
365 376
365 411
365 400
365 389
365 388
365 371
365 385
365 420
365 367
365 433
365 387
365 372
365 373
365 382
365 445
365 406
365 427
365 408
365 405
365 390
365 412
365 409
365 430
365 403
365 419
365 393
365 375
365 398
365 407
365 377
365 443
365 413
365 410
365 396
365 432
365 422
365 381
365 449
365 440
365 439
365 374
365 436
365 399
365 451
365 404
365 434
365 429
365 397
365 457
365 415
365 379
365 418
365 366
365 452
365 459
365 455
365 446
365 380
365 384
365 401
365 437
365 378
365 435
458 459
392 428
392 417
392 402
392 411
392 400
392 420
392 433
392 445
392 406
392 427
392 408
392 405
392 412
392 409
392 430
392 403
392 419
392 393
392 398
392 407
392 443
392 413
392 410
392 396
392 432
392 422
392 449
392 440
392 439
392 436
392 399
392 451
392 404
392 434
392 429
392 397
392 457
392 415
392 418
392 452
392 459
392 455
392 446
392 401
392 437
392 435
392 458
438 445
438 443
438 449
438 440
438 439
438 451
438 457
438 452
438 459
438 455
438 446
438 458
395 428
395 417
395 402
395 411
395 400
395 420
395 433
395 445
395 406
395 427
395 408
395 405
395 412
395 409
395 430
395 403
395 419
395 398
395 407
395 443
395 413
395 410
395 396
395 432
395 422
395 449
395 440
395 439
395 436
395 399
395 451
395 404
395 434
395 429
395 397
395 457
395 415
395 418
395 452
395 459
395 455
395 446
395 401
395 437
395 435
395 458
395 438
454 457
454 459
454 455
454 458
421 428
421 433
421 445
421 427
421 430
421 443
421 432
421 422
421 449
421 440
421 439
421 436
421 451
421 434
421 429
421 457
421 452
421 459
421 455
421 446
421 437
421 435
421 458
421 438
421 454
448 449
448 451
448 457
448 452
448 459
448 455
448 458
448 454
394 428
394 417
394 402
394 411
394 400
394 420
394 433
394 445
394 406
394 427
394 408
394 405
394 412
394 409
394 430
394 403
394 419
394 398
394 407
394 443
394 413
394 410
394 396
394 432
394 422
394 449
394 440
394 439
394 436
394 399
394 451
394 404
394 434
394 429
394 397
394 457
394 415
394 418
394 452
394 459
394 455
394 446
394 401
394 437
394 435
394 458
394 438
394 395
394 454
394 421
394 448
394 460
447 449
447 451
447 457
447 452
447 459
447 455
447 458
447 454
447 448
447 460
453 457
453 459
453 455
453 458
453 454
453 460
450 451
450 457
450 452
450 459
450 455
450 458
450 454
450 460
450 453
391 428
391 417
391 402
391 411
391 400
391 420
391 433
391 445
391 406
391 427
391 408
391 405
391 412
391 409
391 430
391 403
391 419
391 393
391 398
391 407
391 443
391 413
391 410
391 396
391 432
391 422
391 449
391 440
391 439
391 436
391 399
391 451
391 404
391 434
391 429
391 397
391 457
391 415
391 418
391 452
391 459
391 455
391 446
391 401
391 437
391 435
391 458
391 392
391 438
391 395
391 454
391 421
391 448
391 460
391 394
391 447
391 453
391 450
426 428
426 433
426 445
426 427
426 430
426 443
426 432
426 449
426 440
426 439
426 436
426 451
426 434
426 429
426 457
426 452
426 459
426 455
426 446
426 437
426 435
426 458
426 438
426 454
426 448
426 460
426 447
426 453
426 450
444 445
444 449
444 451
444 457
444 452
444 459
444 455
444 446
444 458
444 454
444 448
444 460
444 447
444 453
444 450
423 428
423 433
423 445
423 427
423 430
423 443
423 432
423 449
423 440
423 439
423 436
423 451
423 434
423 429
423 457
423 452
423 459
423 455
423 446
423 437
423 435
423 458
423 438
423 454
423 448
423 460
423 447
423 453
423 450
423 426
423 444
456 457
456 459
456 458
456 460
441 445
441 443
441 449
441 451
441 457
441 452
441 459
441 455
441 446
441 458
441 454
441 448
441 460
441 447
441 453
441 450
441 444
441 456
442 445
442 443
442 449
442 451
442 457
442 452
442 459
442 455
442 446
442 458
442 454
442 448
442 460
442 447
442 453
442 450
442 444
442 456
431 433
431 445
431 443
431 432
431 449
431 440
431 439
431 436
431 451
431 434
431 457
431 452
431 459
431 455
431 446
431 437
431 435
431 458
431 438
431 454
431 448
431 460
431 447
431 453
431 450
431 444
431 456
431 441
431 442
431 461
416 428
416 417
416 420
416 433
416 445
416 427
416 430
416 419
416 443
416 432
416 422
416 449
416 440
416 439
416 436
416 451
416 434
416 429
416 457
416 418
416 452
416 459
416 455
416 446
416 437
416 435
416 458
416 438
416 454
416 421
416 448
416 460
416 447
416 453
416 450
416 426
416 444
416 423
416 456
416 441
416 442
416 461
416 431
424 428
424 433
424 445
424 427
424 430
424 443
424 432
424 449
424 440
424 439
424 436
424 451
424 434
424 429
424 457
424 452
424 459
424 455
424 446
424 437
424 435
424 458
424 438
424 454
424 448
424 460
424 447
424 453
424 450
424 426
424 444
424 456
424 441
424 442
424 461
424 431
425 428
425 433
425 445
425 427
425 430
425 443
425 432
425 449
425 440
425 439
425 436
425 451
425 434
425 429
425 457
425 452
425 459
425 455
425 446
425 437
425 435
425 458
425 438
425 454
425 448
425 460
425 447
425 453
425 450
425 426
425 444
425 456
425 441
425 442
425 461
425 431
414 428
414 417
414 420
414 433
414 445
414 427
414 430
414 419
414 443
414 432
414 422
414 449
414 440
414 439
414 436
414 451
414 434
414 429
414 457
414 415
414 418
414 452
414 459
414 455
414 446
414 437
414 435
414 458
414 438
414 454
414 421
414 448
414 460
414 447
414 453
414 450
414 426
414 444
414 423
414 456
414 441
414 442
414 461
414 431
414 416
414 424
414 425
