35 228
7 18
16 18
6 18
6 7
6 16
6 20
14 18
14 16
14 20
3 18
3 7
3 16
3 20
3 6
3 14
9 18
9 16
9 20
9 14
1 18
1 7
1 16
1 20
1 6
1 14
1 3
1 9
1 27
12 18
12 16
12 20
12 14
12 27
11 18
11 16
11 20
11 14
11 27
11 12
21 27
21 33
29 33
8 18
8 16
8 20
8 14
8 9
8 27
8 12
8 11
8 33
8 21
8 29
5 18
5 7
5 16
5 20
5 6
5 14
5 9
5 27
5 12
5 11
5 33
5 21
5 29
5 8
13 18
13 16
13 20
13 14
13 27
13 33
13 21
13 29
23 27
23 33
23 29
19 20
19 27
19 33
19 21
19 29
19 23
24 27
24 33
24 29
32 33
28 33
28 29
28 32
25 27
25 33
25 29
25 32
25 28
17 18
17 20
17 27
17 33
17 21
17 29
17 23
17 19
17 24
17 32
17 28
17 25
26 27
26 33
26 29
26 32
26 28
31 33
31 32
31 35
4 18
4 7
4 16
4 20
4 6
4 14
4 9
4 27
4 12
4 11
4 33
4 21
4 29
4 8
4 5
4 13
4 23
4 19
4 24
4 32
4 28
4 25
4 17
4 26
4 35
4 31
22 27
22 33
22 29
22 23
22 24
22 32
22 28
22 25
22 26
22 35
22 31
2 18
2 7
2 16
2 20
2 6
2 14
2 3
2 9
2 27
2 12
2 11
2 33
2 21
2 29
2 8
2 5
2 13
2 23
2 19
2 24
2 32
2 28
2 25
2 17
2 26
2 35
2 31
2 4
2 22
15 18
15 16
15 20
15 27
15 33
15 21
15 29
15 23
15 19
15 24
15 32
15 28
15 25
15 17
15 26
15 35
15 31
15 22
10 18
10 16
10 20
10 14
10 27
10 12
10 11
10 33
10 21
10 29
10 13
10 23
10 19
10 24
10 32
10 28
10 25
10 17
10 26
10 35
10 31
10 22
10 15
30 33
30 32
30 35
30 31
34 35
