31 259
2 30
19 30
13 30
13 19
27 30
21 30
21 27
6 30
6 19
6 13
6 27
6 21
29 30
23 30
23 27
23 29
20 30
20 27
20 21
20 29
20 23
26 30
26 27
26 29
5 30
5 19
5 13
5 27
5 21
5 6
5 29
5 23
5 20
5 26
28 30
28 29
3 30
3 19
3 13
3 27
3 21
3 6
3 29
3 23
3 20
3 26
3 5
3 28
10 30
10 19
10 13
10 27
10 21
10 29
10 23
10 20
10 26
10 28
10 31
16 30
16 19
16 27
16 21
16 29
16 23
16 20
16 26
16 28
16 31
7 30
7 19
7 13
7 27
7 21
7 29
7 23
7 20
7 26
7 28
7 31
7 10
7 16
18 30
18 19
18 27
18 21
18 29
18 23
18 20
18 26
18 28
18 31
9 30
9 19
9 13
9 27
9 21
9 29
9 23
9 20
9 26
9 28
9 31
9 10
9 16
9 18
14 30
14 19
14 27
14 21
14 29
14 23
14 20
14 26
14 28
14 31
14 16
14 18
1 30
1 2
1 19
1 13
1 27
1 21
1 6
1 29
1 23
1 20
1 26
1 5
1 28
1 3
1 31
1 10
1 16
1 7
1 18
1 9
1 14
11 30
11 19
11 13
11 27
11 21
11 29
11 23
11 20
11 26
11 28
11 31
11 16
11 18
11 14
24 30
24 27
24 29
24 26
24 28
24 31
8 30
8 19
8 13
8 27
8 21
8 29
8 23
8 20
8 26
8 28
8 31
8 10
8 16
8 18
8 9
8 14
8 11
8 24
4 30
4 19
4 13
4 27
4 21
4 6
4 29
4 23
4 20
4 26
4 5
4 28
4 31
4 10
4 16
4 7
4 18
4 9
4 14
4 11
4 24
4 8
15 30
15 19
15 27
15 21
15 29
15 23
15 20
15 26
15 28
15 31
15 16
15 18
15 24
22 30
22 27
22 29
22 23
22 26
22 28
22 31
22 24
25 30
25 27
25 29
25 26
25 28
25 31
17 30
17 19
17 27
17 21
17 29
17 23
17 20
17 26
17 28
17 31
17 18
17 24
17 22
17 25
12 30
12 19
12 13
12 27
12 21
12 29
12 23
12 20
12 26
12 28
12 31
12 16
12 18
12 14
12 24
12 15
12 22
12 25
12 17
