775 10000
15 16
15 35
15 37
15 53
5 16
5 35
5 37
5 53
5 15
21 35
21 37
21 53
27 35
27 37
27 53
29 35
29 37
29 53
22 35
22 37
22 53
22 27
22 29
12 16
12 35
12 37
12 53
12 15
12 21
12 27
12 29
12 22
7 16
7 35
7 37
7 53
7 15
7 21
7 27
7 29
7 22
7 12
23 35
23 37
23 53
23 27
23 29
28 35
28 37
28 53
28 29
1 16
1 35
1 37
1 53
1 15
1 5
1 21
1 27
1 29
1 22
1 12
1 7
1 23
1 28
14 16
14 35
14 37
14 53
14 15
14 21
14 27
14 29
14 22
14 23
14 28
20 35
20 37
20 53
20 21
20 27
20 29
20 22
20 23
20 28
30 35
30 37
30 53
2 16
2 35
2 37
2 53
2 15
2 5
2 21
2 27
2 29
2 22
2 12
2 7
2 23
2 28
2 14
2 20
2 30
6 16
6 35
6 37
6 53
6 15
6 21
6 27
6 29
6 22
6 12
6 7
6 23
6 28
6 14
6 20
6 30
47 53
10 16
10 35
10 37
10 53
10 15
10 21
10 27
10 29
10 22
10 12
10 23
10 28
10 14
10 20
10 30
10 47
39 53
39 47
9 16
9 35
9 37
9 53
9 15
9 21
9 27
9 29
9 22
9 12
9 23
9 28
9 14
9 20
9 30
9 47
9 10
9 39
43 53
43 47
33 35
33 37
33 53
33 47
33 39
33 43
33 62
26 35
26 37
26 53
26 27
26 29
26 28
26 30
26 47
26 39
26 43
26 62
26 33
52 53
52 62
13 16
13 35
13 37
13 53
13 15
13 21
13 27
13 29
13 22
13 23
13 28
13 14
13 20
13 30
13 47
13 39
13 43
13 62
13 33
13 26
13 52
31 35
31 37
31 53
31 47
31 39
31 43
31 62
31 33
31 52
31 65
24 35
24 37
24 53
24 27
24 29
24 28
24 30
24 47
24 39
24 43
24 62
24 33
24 26
24 52
24 65
24 31
18 35
18 37
18 53
18 21
18 27
18 29
18 22
18 23
18 28
18 20
18 30
18 47
18 39
18 43
18 62
18 33
18 26
18 52
18 65
18 31
18 24
61 62
61 65
60 62
60 65
60 61
3 16
3 35
3 37
3 53
3 15
3 5
3 21
3 27
3 29
3 22
3 12
3 7
3 23
3 28
3 14
3 20
3 30
3 6
3 47
3 10
3 39
3 9
3 43
3 62
3 33
3 26
3 52
3 13
3 65
3 31
3 24
3 18
3 61
3 60
46 53
46 47
46 62
46 52
46 65
46 61
46 60
11 16
11 35
11 37
11 53
11 15
11 21
11 27
11 29
11 22
11 12
11 23
11 28
11 14
11 20
11 30
11 47
11 39
11 43
11 62
11 33
11 26
11 52
11 13
11 65
11 31
11 24
11 18
11 61
11 60
11 46
17 35
17 37
17 53
17 21
17 27
17 29
17 22
17 23
17 28
17 20
17 30
17 47
17 39
17 43
17 62
17 33
17 26
17 52
17 65
17 31
17 24
17 18
17 61
17 60
17 46
41 53
41 47
41 43
41 62
41 52
41 65
41 61
41 60
41 46
57 62
57 65
57 61
57 60
4 16
4 35
4 37
4 53
4 15
4 5
4 21
4 27
4 29
4 22
4 12
4 7
4 23
4 28
4 14
4 20
4 30
4 6
4 47
4 10
4 39
4 9
4 43
4 62
4 33
4 26
4 52
4 13
4 65
4 31
4 24
4 18
4 61
4 60
4 46
4 11
4 17
4 41
4 57
25 35
25 37
25 53
25 27
25 29
25 28
25 30
25 47
25 39
25 43
25 62
25 33
25 26
25 52
25 65
25 31
25 61
25 60
25 46
25 41
25 57
8 16
8 35
8 37
8 53
8 15
8 21
8 27
8 29
8 22
8 12
8 23
8 28
8 14
8 20
8 30
8 47
8 10
8 39
8 9
8 43
8 62
8 33
8 26
8 52
8 13
8 65
8 31
8 24
8 18
8 61
8 60
8 46
8 11
8 17
8 41
8 57
8 25
44 53
44 47
44 62
44 52
44 65
44 61
44 60
44 46
44 57
44 99
85 99
72 99
72 85
84 99
84 85
48 53
48 62
48 52
48 65
48 61
48 60
48 57
48 99
48 85
48 72
48 84
55 62
55 65
55 61
55 60
55 57
55 99
55 85
55 72
55 84
69 99
69 85
69 72
69 84
40 53
40 47
40 43
40 62
40 52
40 65
40 61
40 60
40 46
40 41
40 57
40 99
40 44
40 85
40 72
40 84
40 48
40 55
40 69
73 99
73 85
73 84
32 35
32 37
32 53
32 47
32 39
32 43
32 62
32 33
32 52
32 65
32 61
32 60
32 46
32 41
32 57
32 99
32 44
32 85
32 72
32 84
32 48
32 55
32 69
32 40
32 73
38 53
38 47
38 39
38 43
38 62
38 52
38 65
38 61
38 60
38 46
38 41
38 57
38 99
38 44
38 85
38 72
38 84
38 48
38 55
38 69
38 40
38 73
42 53
42 47
42 43
42 62
42 52
42 65
42 61
42 60
42 46
42 57
42 99
42 44
42 85
42 72
42 84
42 48
42 55
42 69
42 73
63 65
63 99
63 85
63 72
63 84
63 69
63 73
19 35
19 37
19 53
19 21
19 27
19 29
19 22
19 23
19 28
19 20
19 30
19 47
19 39
19 43
19 62
19 33
19 26
19 52
19 65
19 31
19 24
19 61
19 60
19 46
19 41
19 57
19 25
19 99
19 44
19 85
19 72
19 84
19 48
19 55
19 69
19 40
19 73
19 32
19 38
19 42
19 63
81 99
81 85
81 84
89 99
74 99
74 85
74 84
74 81
74 89
74 104
34 35
34 37
34 53
34 47
34 39
34 43
34 62
34 52
34 65
34 61
34 60
34 46
34 41
34 57
34 99
34 44
34 85
34 72
34 84
34 48
34 55
34 69
34 40
34 73
34 38
34 42
34 63
34 81
34 89
34 104
34 74
93 99
93 104
54 62
54 65
54 61
54 60
54 57
54 99
54 85
54 72
54 84
54 55
54 69
54 73
54 63
54 81
54 89
54 104
54 74
54 93
50 53
50 62
50 52
50 65
50 61
50 60
50 57
50 99
50 85
50 72
50 84
50 55
50 69
50 73
50 63
50 81
50 89
50 104
50 74
50 93
50 54
77 99
77 85
77 84
77 81
77 89
77 104
77 93
45 53
45 47
45 62
45 52
45 65
45 61
45 60
45 46
45 57
45 99
45 85
45 72
45 84
45 48
45 55
45 69
45 73
45 63
45 81
45 89
45 104
45 74
45 93
45 54
45 50
45 77
56 62
56 65
56 61
56 60
56 57
56 99
56 85
56 72
56 84
56 69
56 73
56 63
56 81
56 89
56 104
56 74
56 93
56 77
64 65
64 99
64 85
64 72
64 84
64 69
64 73
64 81
64 89
64 104
64 74
64 93
64 77
76 99
76 85
76 84
76 81
76 89
76 104
76 93
76 77
36 37
36 53
36 47
36 39
36 43
36 62
36 52
36 65
36 61
36 60
36 46
36 41
36 57
36 99
36 44
36 85
36 72
36 84
36 48
36 55
36 69
36 40
36 73
36 38
36 42
36 63
36 81
36 89
36 104
36 74
36 93
36 54
36 50
36 77
36 45
36 56
36 64
36 76
83 99
83 85
83 84
83 89
83 104
83 93
58 62
58 65
58 61
58 60
58 99
58 85
58 72
58 84
58 69
58 73
58 63
58 81
58 89
58 104
58 74
58 93
58 77
58 64
58 76
58 83
67 99
67 85
67 72
67 84
67 69
67 73
67 81
67 89
67 104
67 74
67 93
67 77
67 76
67 83
75 99
75 85
75 84
75 81
75 89
75 104
75 93
75 77
75 76
75 83
75 120
79 99
79 85
79 84
79 81
79 89
79 104
79 93
79 83
79 120
49 53
49 62
49 52
49 65
49 61
49 60
49 57
49 99
49 85
49 72
49 84
49 55
49 69
49 73
49 63
49 81
49 89
49 104
49 74
49 93
49 54
49 50
49 77
49 56
49 64
49 76
49 83
49 58
49 67
49 120
49 75
49 79
51 53
51 62
51 52
51 65
51 61
51 60
51 57
51 99
51 85
51 72
51 84
51 55
51 69
51 73
51 63
51 81
51 89
51 104
51 74
51 93
51 54
51 77
51 56
51 64
51 76
51 83
51 58
51 67
51 120
51 75
51 79
82 99
82 85
82 84
82 89
82 104
82 93
82 83
82 120
94 99
94 104
94 120
66 99
66 85
66 72
66 84
66 69
66 73
66 81
66 89
66 104
66 74
66 93
66 77
66 76
66 83
66 67
66 120
66 75
66 79
66 82
66 94
66 131
59 62
59 65
59 61
59 60
59 99
59 85
59 72
59 84
59 69
59 73
59 63
59 81
59 89
59 104
59 74
59 93
59 77
59 64
59 76
59 83
59 67
59 120
59 75
59 79
59 82
59 94
59 131
59 66
80 99
80 85
80 84
80 81
80 89
80 104
80 93
80 83
80 120
80 82
80 94
80 131
80 162
96 99
96 104
96 120
96 131
96 162
91 99
91 104
91 93
91 120
91 94
91 131
91 162
91 96
71 99
71 85
71 72
71 84
71 73
71 81
71 89
71 104
71 74
71 93
71 77
71 76
71 83
71 120
71 75
71 79
71 82
71 94
71 131
71 162
71 80
71 96
71 91
123 131
123 162
128 131
128 162
68 99
68 85
68 72
68 84
68 69
68 73
68 81
68 89
68 104
68 74
68 93
68 77
68 76
68 83
68 120
68 75
68 79
68 82
68 94
68 131
68 162
68 80
68 96
68 91
68 71
68 123
68 128
95 99
95 104
95 120
95 131
95 162
95 96
95 123
95 128
70 99
70 85
70 72
70 84
70 73
70 81
70 89
70 104
70 74
70 93
70 77
70 76
70 83
70 120
70 75
70 79
70 82
70 94
70 131
70 162
70 80
70 96
70 91
70 71
70 123
70 128
70 95
88 99
88 89
88 104
88 93
88 120
88 94
88 131
88 162
88 96
88 91
88 123
88 128
88 95
112 120
112 131
112 162
112 123
112 128
78 99
78 85
78 84
78 81
78 89
78 104
78 93
78 83
78 120
78 79
78 82
78 94
78 131
78 162
78 80
78 96
78 91
78 123
78 128
78 95
78 88
78 112
117 120
117 131
117 162
117 123
117 128
103 104
103 120
103 131
103 162
103 123
103 128
103 112
103 117
87 99
87 89
87 104
87 93
87 120
87 94
87 131
87 162
87 96
87 91
87 123
87 128
87 95
87 88
87 112
87 117
87 103
136 162
102 104
102 120
102 131
102 162
102 123
102 128
102 112
102 117
102 103
102 136
97 99
97 104
97 120
97 131
97 162
97 123
97 128
97 112
97 117
97 103
97 136
97 102
113 120
113 131
113 162
113 123
113 128
113 117
113 136
105 120
105 131
105 162
105 123
105 128
105 112
105 117
105 136
105 113
118 120
118 131
118 162
118 123
118 128
118 136
86 99
86 89
86 104
86 93
86 120
86 94
86 131
86 162
86 96
86 91
86 123
86 128
86 95
86 88
86 112
86 117
86 103
86 87
86 136
86 102
86 97
86 113
86 105
86 118
119 120
119 131
119 162
119 123
119 128
119 136
116 120
116 131
116 162
116 123
116 128
116 117
116 136
116 118
116 119
111 120
111 131
111 162
111 123
111 128
111 112
111 117
111 136
111 113
111 118
111 119
111 116
127 131
127 162
127 128
127 136
122 131
122 162
122 123
122 128
122 136
122 127
152 162
109 120
109 131
109 162
109 123
109 128
109 112
109 117
109 136
109 113
109 118
109 119
109 116
109 111
109 127
109 122
109 152
145 162
145 152
155 162
150 162
150 152
150 155
101 104
101 120
101 131
101 162
101 123
101 128
101 112
101 117
101 103
101 136
101 102
101 113
101 105
101 118
101 119
101 116
101 111
101 127
101 122
101 152
101 109
101 145
101 155
101 150
121 131
121 162
121 123
121 128
121 136
121 127
121 122
121 152
121 145
121 155
121 150
151 162
151 152
151 155
137 162
137 152
137 145
137 155
137 150
137 151
106 120
106 131
106 162
106 123
106 128
106 112
106 117
106 136
106 113
106 118
106 119
106 116
106 111
106 127
106 122
106 152
106 109
106 145
106 155
106 150
106 121
106 151
106 137
98 99
98 104
98 120
98 131
98 162
98 123
98 128
98 112
98 117
98 103
98 136
98 102
98 113
98 105
98 118
98 119
98 116
98 111
98 127
98 122
98 152
98 109
98 145
98 155
98 150
98 101
98 121
98 151
98 137
98 106
153 162
153 155
107 120
107 131
107 162
107 123
107 128
107 112
107 117
107 136
107 113
107 118
107 119
107 116
107 111
107 127
107 122
107 152
107 109
107 145
107 155
107 150
107 121
107 151
107 137
107 153
159 162
90 99
90 104
90 93
90 120
90 94
90 131
90 162
90 96
90 91
90 123
90 128
90 95
90 112
90 117
90 103
90 136
90 102
90 97
90 113
90 105
90 118
90 119
90 116
90 111
90 127
90 122
90 152
90 109
90 145
90 155
90 150
90 101
90 121
90 151
90 137
90 106
90 98
90 153
90 107
90 159
142 162
142 152
142 145
142 155
142 150
142 151
142 153
142 159
132 162
132 136
132 152
132 145
132 155
132 150
132 151
132 137
132 153
132 159
132 142
110 120
110 131
110 162
110 123
110 128
110 112
110 117
110 136
110 113
110 118
110 119
110 116
110 111
110 127
110 122
110 152
110 145
110 155
110 150
110 121
110 151
110 137
110 153
110 159
110 142
110 132
124 131
124 162
124 128
124 136
124 127
124 152
124 145
124 155
124 150
124 151
124 137
124 153
124 159
124 142
124 132
149 162
149 152
149 155
149 150
149 151
149 153
149 159
149 163
114 120
114 131
114 162
114 123
114 128
114 117
114 136
114 118
114 119
114 116
114 127
114 122
114 152
114 145
114 155
114 150
114 121
114 151
114 137
114 153
114 159
114 142
114 132
114 124
114 163
114 149
92 99
92 104
92 93
92 120
92 94
92 131
92 162
92 96
92 123
92 128
92 95
92 112
92 117
92 103
92 136
92 102
92 97
92 113
92 105
92 118
92 119
92 116
92 111
92 127
92 122
92 152
92 109
92 145
92 155
92 150
92 101
92 121
92 151
92 137
92 106
92 98
92 153
92 107
92 159
92 142
92 132
92 110
92 124
92 163
92 149
92 114
92 192
129 131
129 162
129 136
129 152
129 145
129 155
129 150
129 151
129 137
129 153
129 159
129 142
129 132
129 163
129 149
129 192
143 162
143 152
143 145
143 155
143 150
143 151
143 153
143 159
143 163
143 149
143 192
148 162
148 152
148 155
148 150
148 151
148 153
148 159
148 163
148 149
148 192
138 162
138 152
138 145
138 155
138 150
138 151
138 153
138 159
138 142
138 163
138 149
138 192
138 143
138 148
154 162
154 155
154 159
154 163
154 192
108 120
108 131
108 162
108 123
108 128
108 112
108 117
108 136
108 113
108 118
108 119
108 116
108 111
108 127
108 122
108 152
108 109
108 145
108 155
108 150
108 121
108 151
108 137
108 153
108 159
108 142
108 132
108 110
108 124
108 163
108 149
108 114
108 192
108 129
108 143
108 148
108 138
108 154
181 192
181 193
181 194
140 162
140 152
140 145
140 155
140 150
140 151
140 153
140 159
140 142
140 163
140 149
140 192
140 143
140 148
140 154
140 193
140 194
140 181
126 131
126 162
126 128
126 136
126 127
126 152
126 145
126 155
126 150
126 151
126 137
126 153
126 159
126 142
126 132
126 163
126 149
126 192
126 129
126 143
126 148
126 138
126 154
126 193
126 194
126 181
126 140
170 192
170 193
170 194
170 181
134 162
134 136
134 152
134 145
134 155
134 150
134 151
134 137
134 153
134 159
134 142
134 163
134 149
134 192
134 143
134 148
134 138
134 154
134 193
134 194
134 181
134 140
134 170
125 131
125 162
125 128
125 136
125 127
125 152
125 145
125 155
125 150
125 151
125 137
125 153
125 159
125 142
125 132
125 163
125 149
125 192
125 129
125 143
125 148
125 138
125 154
125 193
125 194
125 181
125 140
125 126
125 170
125 134
180 192
180 193
180 194
180 181
147 162
147 152
147 155
147 150
147 151
147 153
147 159
147 163
147 149
147 192
147 148
147 154
147 193
147 194
147 181
147 170
147 180
173 192
173 193
173 194
173 181
173 180
100 104
100 120
100 131
100 162
100 123
100 128
100 112
100 117
100 103
100 136
100 102
100 113
100 105
100 118
100 119
100 116
100 111
100 127
100 122
100 152
100 109
100 145
100 155
100 150
100 101
100 121
100 151
100 137
100 106
100 153
100 107
100 159
100 142
100 132
100 110
100 124
100 163
100 149
100 114
100 192
100 129
100 143
100 148
100 138
100 154
100 108
100 193
100 194
100 181
100 140
100 126
100 170
100 134
100 125
100 180
100 147
100 173
135 162
135 136
135 152
135 145
135 155
135 150
135 151
135 137
135 153
135 159
135 142
135 163
135 149
135 192
135 143
135 148
135 138
135 154
135 193
135 194
135 181
135 140
135 170
135 180
135 147
135 173
135 199
185 192
185 193
185 194
185 199
139 162
139 152
139 145
139 155
139 150
139 151
139 153
139 159
139 142
139 163
139 149
139 192
139 143
139 148
139 154
139 193
139 194
139 181
139 140
139 170
139 180
139 147
139 173
139 199
139 185
146 162
146 152
146 155
146 150
146 151
146 153
146 159
146 163
146 149
146 192
146 148
146 154
146 193
146 194
146 181
146 170
146 180
146 147
146 173
146 199
146 185
146 240
165 192
165 193
165 194
165 181
165 170
165 180
165 173
165 199
165 185
165 240
176 192
176 193
176 194
176 181
176 180
176 199
176 185
176 240
130 131
130 162
130 136
130 152
130 145
130 155
130 150
130 151
130 137
130 153
130 159
130 142
130 132
130 163
130 149
130 192
130 143
130 148
130 138
130 154
130 193
130 194
130 181
130 140
130 170
130 134
130 180
130 147
130 173
130 199
130 135
130 185
130 139
130 240
130 146
130 165
130 176
158 162
158 159
158 163
158 192
158 193
158 194
158 181
158 170
158 180
158 173
158 199
158 185
158 240
158 165
158 176
161 162
161 163
161 192
161 193
161 194
161 181
161 170
161 180
161 173
161 199
161 185
161 240
161 165
161 176
157 162
157 159
157 163
157 192
157 193
157 194
157 181
157 170
157 180
157 173
157 199
157 185
157 240
157 165
157 176
157 158
157 161
168 192
168 193
168 194
168 181
168 170
168 180
168 173
168 199
168 185
168 240
168 176
166 192
166 193
166 194
166 181
166 170
166 180
166 173
166 199
166 185
166 240
166 176
166 168
141 162
141 152
141 145
141 155
141 150
141 151
141 153
141 159
141 142
141 163
141 149
141 192
141 143
141 148
141 154
141 193
141 194
141 181
141 170
141 180
141 147
141 173
141 199
141 185
141 240
141 146
141 165
141 176
141 158
141 161
141 157
141 168
141 166
115 120
115 131
115 162
115 123
115 128
115 117
115 136
115 118
115 119
115 116
115 127
115 122
115 152
115 145
115 155
115 150
115 121
115 151
115 137
115 153
115 159
115 142
115 132
115 124
115 163
115 149
115 192
115 129
115 143
115 148
115 138
115 154
115 193
115 194
115 181
115 140
115 126
115 170
115 134
115 125
115 180
115 147
115 173
115 199
115 135
115 185
115 139
115 240
115 146
115 165
115 176
115 130
115 158
115 161
115 157
115 168
115 166
115 141
160 162
160 163
160 192
160 193
160 194
160 181
160 170
160 180
160 173
160 199
160 185
160 240
160 165
160 176
160 161
160 168
160 166
174 192
174 193
174 194
174 181
174 180
174 199
174 185
174 240
174 176
201 240
179 192
179 193
179 194
179 181
179 180
179 199
179 185
179 240
179 201
175 192
175 193
175 194
175 181
175 180
175 199
175 185
175 240
175 176
175 201
175 179
156 162
156 159
156 163
156 192
156 193
156 194
156 181
156 170
156 180
156 173
156 199
156 185
156 240
156 165
156 176
156 158
156 161
156 157
156 168
156 166
156 160
156 174
156 201
156 179
156 175
211 240
164 192
164 193
164 194
164 181
164 170
164 180
164 173
164 199
164 185
164 240
164 165
164 176
164 168
164 166
164 174
164 201
164 179
164 175
164 211
178 192
178 193
178 194
178 181
178 180
178 199
178 185
178 240
178 201
178 179
178 211
171 192
171 193
171 194
171 181
171 180
171 173
171 199
171 185
171 240
171 176
171 174
171 201
171 179
171 175
171 211
171 178
172 192
172 193
172 194
172 181
172 180
172 173
172 199
172 185
172 240
172 176
172 174
172 201
172 179
172 175
172 211
172 178
186 192
186 193
186 194
186 199
186 240
186 201
186 211
133 162
133 136
133 152
133 145
133 155
133 150
133 151
133 137
133 153
133 159
133 142
133 163
133 149
133 192
133 143
133 148
133 138
133 154
133 193
133 194
133 181
133 140
133 170
133 134
133 180
133 147
133 173
133 199
133 135
133 185
133 139
133 240
133 146
133 165
133 176
133 158
133 161
133 157
133 168
133 166
133 141
133 160
133 174
133 201
133 179
133 175
133 156
133 211
133 164
133 178
133 171
133 172
133 186
232 240
223 240
223 232
169 192
169 193
169 194
169 181
169 170
169 180
169 173
169 199
169 185
169 240
169 176
169 174
169 201
169 179
169 175
169 211
169 178
169 171
169 172
169 186
169 232
169 223
144 162
144 152
144 145
144 155
144 150
144 151
144 153
144 159
144 163
144 149
144 192
144 148
144 154
144 193
144 194
144 181
144 170
144 180
144 147
144 173
144 199
144 185
144 240
144 146
144 165
144 176
144 158
144 161
144 157
144 168
144 166
144 160
144 174
144 201
144 179
144 175
144 156
144 211
144 164
144 178
144 171
144 172
144 186
144 232
144 223
144 169
204 240
204 211
204 232
204 223
184 192
184 193
184 194
184 199
184 185
184 240
184 201
184 211
184 186
184 232
184 223
184 204
183 192
183 193
183 194
183 199
183 185
183 240
183 201
183 211
183 186
183 232
183 223
183 204
183 184
196 199
196 240
196 201
196 211
196 232
196 223
196 204
177 192
177 193
177 194
177 181
177 180
177 199
177 185
177 240
177 201
177 179
177 211
177 178
177 186
177 232
177 223
177 204
177 184
177 183
177 196
200 240
200 201
200 211
200 232
200 223
200 204
188 192
188 193
188 194
188 199
188 240
188 201
188 211
188 232
188 223
188 204
188 196
188 200
167 192
167 193
167 194
167 181
167 170
167 180
167 173
167 199
167 185
167 240
167 176
167 168
167 174
167 201
167 179
167 175
167 211
167 178
167 171
167 172
167 186
167 232
167 223
167 169
167 204
167 184
167 183
167 196
167 177
167 200
167 188
216 240
216 232
216 223
212 240
212 232
212 223
212 216
220 240
220 232
220 223
189 192
189 193
189 194
189 199
189 240
189 201
189 211
189 232
189 223
189 204
189 196
189 200
189 216
189 212
189 220
182 192
182 193
182 194
182 199
182 185
182 240
182 201
182 211
182 186
182 232
182 223
182 204
182 184
182 183
182 196
182 200
182 188
182 216
182 212
182 220
182 189
210 240
210 211
210 232
210 223
210 216
210 212
210 220
205 240
205 211
205 232
205 223
205 216
205 212
205 220
205 210
187 192
187 193
187 194
187 199
187 240
187 201
187 211
187 232
187 223
187 204
187 196
187 200
187 188
187 216
187 212
187 220
187 189
187 210
187 205
218 240
218 232
218 223
218 220
198 199
198 240
198 201
198 211
198 232
198 223
198 204
198 200
198 216
198 212
198 220
198 210
198 205
198 218
191 192
191 193
191 194
191 199
191 240
191 201
191 211
191 232
191 223
191 204
191 196
191 200
191 216
191 212
191 220
191 210
191 205
191 218
191 198
208 240
208 211
208 232
208 223
208 216
208 212
208 220
208 210
208 218
230 240
230 232
207 240
207 211
207 232
207 223
207 216
207 212
207 220
207 210
207 218
207 208
207 230
207 263
197 199
197 240
197 201
197 211
197 232
197 223
197 204
197 200
197 216
197 212
197 220
197 210
197 205
197 218
197 198
197 208
197 230
197 263
197 207
202 240
202 211
202 232
202 223
202 204
202 216
202 212
202 220
202 210
202 205
202 218
202 208
202 230
202 263
202 207
190 192
190 193
190 194
190 199
190 240
190 201
190 211
190 232
190 223
190 204
190 196
190 200
190 216
190 212
190 220
190 210
190 205
190 218
190 198
190 191
190 208
190 230
190 263
190 207
190 197
190 202
257 263
246 263
246 257
209 240
209 211
209 232
209 223
209 216
209 212
209 220
209 210
209 218
209 230
209 263
209 257
209 246
206 240
206 211
206 232
206 223
206 216
206 212
206 220
206 210
206 218
206 208
206 230
206 263
206 207
206 257
206 246
206 209
222 240
222 232
222 223
222 230
222 263
222 257
222 246
238 240
238 263
238 257
238 246
245 263
245 257
245 246
245 267
231 240
231 232
231 263
231 257
231 246
231 238
231 267
231 245
228 240
228 232
228 230
228 263
228 257
228 246
228 238
228 267
228 245
228 231
215 240
215 232
215 223
215 216
215 220
215 218
215 230
215 263
215 257
215 246
215 222
215 238
215 267
215 245
215 231
215 228
214 240
214 232
214 223
214 216
214 220
214 218
214 230
214 263
214 257
214 246
214 222
214 238
214 267
214 245
214 231
214 228
214 215
249 263
249 257
249 267
225 240
225 232
225 230
225 263
225 257
225 246
225 238
225 267
225 245
225 231
225 228
225 249
227 240
227 232
227 230
227 263
227 257
227 246
227 238
227 267
227 245
227 231
227 228
227 249
195 199
195 240
195 201
195 211
195 232
195 223
195 204
195 196
195 200
195 216
195 212
195 220
195 210
195 205
195 218
195 198
195 208
195 230
195 263
195 207
195 197
195 202
195 257
195 246
195 209
195 206
195 222
195 238
195 267
195 245
195 231
195 228
195 215
195 214
195 249
195 225
195 227
244 263
244 257
244 246
244 267
244 245
244 249
217 240
217 232
217 223
217 220
217 218
217 230
217 263
217 257
217 246
217 222
217 238
217 267
217 245
217 231
217 228
217 249
217 225
217 227
217 244
213 240
213 232
213 223
213 216
213 220
213 218
213 230
213 263
213 257
213 246
213 222
213 238
213 267
213 245
213 231
213 228
213 215
213 214
213 249
213 225
213 227
213 244
213 217
203 240
203 211
203 232
203 223
203 204
203 216
203 212
203 220
203 210
203 205
203 218
203 208
203 230
203 263
203 207
203 257
203 246
203 209
203 206
203 222
203 238
203 267
203 245
203 231
203 228
203 215
203 214
203 249
203 225
203 227
203 244
203 217
203 213
237 240
237 263
237 257
237 246
237 238
237 267
237 245
237 249
237 244
234 240
234 263
234 257
234 246
234 238
234 267
234 245
234 249
234 244
234 237
254 263
254 257
254 267
252 263
252 257
252 267
252 254
255 263
255 257
255 267
241 263
241 257
241 246
241 267
241 245
241 249
241 244
241 254
241 252
241 255
236 240
236 263
236 257
236 246
236 238
236 267
236 245
236 249
236 244
236 237
236 254
236 252
236 255
236 241
243 263
243 257
243 246
243 267
243 245
243 249
243 244
243 254
243 252
243 255
243 275
261 263
261 267
261 275
251 263
251 257
251 267
251 254
251 252
251 255
251 275
251 261
229 240
229 232
229 230
229 263
229 257
229 246
229 238
229 267
229 245
229 231
229 249
229 244
229 237
229 234
229 254
229 252
229 255
229 241
229 236
229 275
229 243
229 261
229 251
229 277
260 263
260 267
260 275
260 261
260 277
242 263
242 257
242 246
242 267
242 245
242 249
242 244
242 254
242 252
242 255
242 275
242 243
242 261
242 251
242 277
242 260
219 240
219 232
219 223
219 220
219 230
219 263
219 257
219 246
219 222
219 238
219 267
219 245
219 231
219 228
219 249
219 225
219 227
219 244
219 237
219 234
219 254
219 252
219 255
219 241
219 236
219 275
219 243
219 261
219 251
219 277
219 229
219 260
219 242
262 263
262 267
262 275
262 277
273 275
273 277
239 240
239 263
239 257
239 246
239 267
239 245
239 249
239 244
239 254
239 252
239 255
239 241
239 275
239 243
239 261
239 251
239 277
239 260
239 242
239 262
239 273
233 240
233 263
233 257
233 246
233 238
233 267
233 245
233 249
233 244
233 237
233 234
233 254
233 252
233 255
233 241
233 236
233 275
233 243
233 261
233 251
233 277
233 260
233 242
233 262
233 273
233 239
270 275
270 277
270 273
297 299
285 299
285 297
268 275
268 277
268 273
268 270
268 299
268 297
268 285
258 263
258 267
258 275
258 261
258 277
258 260
258 262
258 273
258 270
258 299
258 297
258 285
258 268
226 240
226 232
226 230
226 263
226 257
226 246
226 238
226 267
226 245
226 231
226 228
226 249
226 227
226 244
226 237
226 234
226 254
226 252
226 255
226 241
226 236
226 275
226 243
226 261
226 251
226 277
226 229
226 260
226 242
226 262
226 273
226 239
226 233
226 270
226 299
226 297
226 285
226 268
226 258
224 240
224 232
224 230
224 263
224 257
224 246
224 238
224 267
224 245
224 231
224 228
224 249
224 225
224 227
224 244
224 237
224 234
224 254
224 252
224 255
224 241
224 236
224 275
224 243
224 261
224 251
224 277
224 229
224 260
224 242
224 262
224 273
224 239
224 233
224 270
224 299
224 297
224 285
224 268
224 258
224 226
265 267
265 275
265 277
265 273
265 270
265 299
265 297
265 285
265 268
247 263
247 257
247 267
247 249
247 254
247 252
247 255
247 275
247 261
247 251
247 277
247 260
247 262
247 273
247 270
247 299
247 297
247 285
247 268
247 258
247 265
235 240
235 263
235 257
235 246
235 238
235 267
235 245
235 249
235 244
235 237
235 254
235 252
235 255
235 241
235 236
235 275
235 243
235 261
235 251
235 277
235 260
235 242
235 262
235 273
235 239
235 270
235 299
235 297
235 285
235 268
235 258
235 265
235 247
286 299
286 297
221 240
221 232
221 223
221 230
221 263
221 257
221 246
221 222
221 238
221 267
221 245
221 231
221 228
221 249
221 225
221 227
221 244
221 237
221 234
221 254
221 252
221 255
221 241
221 236
221 275
221 243
221 261
221 251
221 277
221 229
221 260
221 242
221 262
221 273
221 239
221 233
221 270
221 299
221 297
221 285
221 268
221 258
221 226
221 224
221 265
221 247
221 235
221 286
272 275
272 277
272 273
272 299
272 297
272 285
272 286
253 263
253 257
253 267
253 254
253 255
253 275
253 261
253 277
253 260
253 262
253 273
253 270
253 299
253 297
253 285
253 268
253 258
253 265
253 286
253 272
284 299
284 297
284 285
284 286
279 299
279 297
279 285
279 286
279 284
278 299
278 297
278 285
278 286
278 284
278 279
248 263
248 257
248 267
248 249
248 254
248 252
248 255
248 275
248 261
248 251
248 277
248 260
248 262
248 273
248 270
248 299
248 297
248 285
248 268
248 258
248 265
248 286
248 272
248 253
248 284
248 279
248 278
248 318
250 263
250 257
250 267
250 254
250 252
250 255
250 275
250 261
250 251
250 277
250 260
250 262
250 273
250 270
250 299
250 297
250 285
250 268
250 258
250 265
250 286
250 272
250 253
250 284
250 279
250 278
250 318
283 299
283 297
283 285
283 286
283 284
283 318
295 299
295 297
295 318
274 275
274 277
274 299
274 297
274 285
274 286
274 284
274 279
274 278
274 318
274 283
274 295
292 299
292 297
292 318
292 295
264 267
264 275
264 277
264 273
264 270
264 299
264 297
264 285
264 268
264 265
264 286
264 272
264 284
264 279
264 278
264 318
264 283
264 295
264 274
264 292
256 263
256 257
256 267
256 275
256 261
256 277
256 260
256 262
256 273
256 270
256 299
256 297
256 285
256 268
256 258
256 265
256 286
256 272
256 284
256 279
256 278
256 318
256 283
256 295
256 274
256 292
256 264
259 263
259 267
259 275
259 261
259 277
259 260
259 262
259 273
259 270
259 299
259 297
259 285
259 268
259 265
259 286
259 272
259 284
259 279
259 278
259 318
259 283
259 295
259 274
259 292
259 264
293 299
293 297
293 318
293 295
306 318
280 299
280 297
280 285
280 286
280 284
280 318
280 283
280 295
280 292
280 293
280 306
280 323
280 324
316 318
316 323
316 324
269 275
269 277
269 273
269 270
269 299
269 297
269 285
269 286
269 272
269 284
269 279
269 278
269 318
269 283
269 295
269 274
269 292
269 293
269 306
269 323
269 324
269 280
269 316
281 299
281 297
281 285
281 286
281 284
281 318
281 283
281 295
281 292
281 293
281 306
281 323
281 324
281 316
276 277
276 299
276 297
276 285
276 286
276 284
276 279
276 278
276 318
276 283
276 295
276 292
276 293
276 306
276 323
276 324
276 280
276 316
276 281
308 318
308 323
308 324
308 316
290 299
290 297
290 318
290 295
290 292
290 293
290 306
290 323
290 324
290 316
290 308
310 318
310 323
310 324
310 316
310 326
289 299
289 297
289 318
289 295
289 292
289 293
289 306
289 323
289 324
289 316
289 308
289 290
289 326
289 310
296 299
296 297
296 318
296 306
296 323
296 324
296 316
296 308
296 326
296 310
320 323
320 324
320 326
288 299
288 297
288 318
288 295
288 292
288 293
288 306
288 323
288 324
288 316
288 308
288 290
288 326
288 310
288 289
288 296
288 320
294 299
294 297
294 318
294 295
294 306
294 323
294 324
294 316
294 308
294 326
294 310
294 296
294 320
300 318
300 306
300 323
300 324
300 316
300 308
300 326
300 310
300 320
313 318
313 323
313 324
313 316
313 326
313 320
266 267
266 275
266 277
266 273
266 270
266 299
266 297
266 285
266 268
266 286
266 272
266 284
266 279
266 278
266 318
266 283
266 295
266 274
266 292
266 293
266 306
266 323
266 324
266 280
266 316
266 269
266 281
266 276
266 308
266 290
266 326
266 310
266 289
266 296
266 320
266 288
266 294
266 300
266 313
298 299
298 318
298 306
298 323
298 324
298 316
298 308
298 326
298 310
298 320
298 300
298 313
315 318
315 323
315 324
315 316
315 326
315 320
271 275
271 277
271 273
271 299
271 297
271 285
271 286
271 272
271 284
271 279
271 278
271 318
271 283
271 295
271 274
271 292
271 293
271 306
271 323
271 324
271 280
271 316
271 281
271 276
271 308
271 290
271 326
271 310
271 289
271 296
271 320
271 288
271 294
271 300
271 313
271 298
271 315
305 318
305 306
305 323
305 324
305 316
305 308
305 326
305 310
305 320
305 313
305 315
314 318
314 323
314 324
314 316
314 326
314 320
314 315
327 339
311 318
311 323
311 324
311 316
311 326
311 320
311 313
311 315
311 314
311 339
311 327
287 299
287 297
287 318
287 295
287 292
287 293
287 306
287 323
287 324
287 316
287 308
287 290
287 326
287 310
287 289
287 296
287 320
287 288
287 294
287 300
287 313
287 298
287 315
287 305
287 314
287 339
287 327
287 311
337 339
322 323
322 324
322 326
322 339
322 327
322 337
307 318
307 323
307 324
307 316
307 308
307 326
307 310
307 320
307 313
307 315
307 314
307 339
307 327
307 311
307 337
307 322
307 379
301 318
301 306
301 323
301 324
301 316
301 308
301 326
301 310
301 320
301 313
301 315
301 305
301 314
301 339
301 327
301 311
301 337
301 322
301 379
301 307
282 299
282 297
282 285
282 286
282 284
282 318
282 283
282 295
282 292
282 293
282 306
282 323
282 324
282 316
282 308
282 290
282 326
282 310
282 289
282 296
282 320
282 288
282 294
282 300
282 313
282 298
282 315
282 305
282 314
282 339
282 327
282 311
282 287
282 337
282 322
282 379
282 307
282 301
304 318
304 306
304 323
304 324
304 316
304 308
304 326
304 310
304 320
304 313
304 315
304 305
304 314
304 339
304 327
304 311
304 337
304 322
304 379
304 307
330 339
330 337
330 379
325 326
325 339
325 327
325 337
325 379
325 330
342 379
353 379
303 318
303 306
303 323
303 324
303 316
303 308
303 326
303 310
303 320
303 313
303 315
303 305
303 314
303 339
303 327
303 311
303 337
303 322
303 379
303 307
303 304
303 330
303 325
303 342
303 353
354 379
302 318
302 306
302 323
302 324
302 316
302 308
302 326
302 310
302 320
302 313
302 315
302 305
302 314
302 339
302 327
302 311
302 337
302 322
302 379
302 307
302 304
302 330
302 325
302 342
302 353
302 303
302 354
291 299
291 297
291 318
291 295
291 292
291 293
291 306
291 323
291 324
291 316
291 308
291 326
291 310
291 296
291 320
291 294
291 300
291 313
291 298
291 315
291 305
291 314
291 339
291 327
291 311
291 337
291 322
291 379
291 307
291 301
291 304
291 330
291 325
291 342
291 353
291 303
291 354
291 302
329 339
329 337
329 379
329 330
329 342
329 353
329 354
371 379
346 379
346 353
346 354
346 371
340 379
340 342
340 353
340 354
340 371
340 346
331 339
331 337
331 379
331 342
331 353
331 354
331 371
331 346
331 340
336 339
336 337
336 379
336 342
336 353
336 354
336 371
336 346
336 340
321 323
321 324
321 326
321 339
321 327
321 337
321 322
321 379
321 330
321 325
321 342
321 353
321 354
321 329
321 371
321 346
321 340
321 331
321 336
309 318
309 323
309 324
309 316
309 326
309 310
309 320
309 313
309 315
309 314
309 339
309 327
309 311
309 337
309 322
309 379
309 330
309 325
309 342
309 353
309 354
309 329
309 371
309 346
309 340
309 331
309 336
309 321
350 379
350 353
350 354
350 371
350 400
363 379
363 371
363 400
317 318
317 323
317 324
317 326
317 320
317 339
317 327
317 337
317 322
317 379
317 330
317 325
317 342
317 353
317 354
317 329
317 371
317 346
317 340
317 331
317 336
317 321
317 400
317 350
317 363
366 379
366 371
366 400
345 379
345 353
345 354
345 371
345 346
345 400
345 350
345 363
345 366
341 379
341 342
341 353
341 354
341 371
341 346
341 400
341 350
341 363
341 366
341 345
312 318
312 323
312 324
312 316
312 326
312 320
312 313
312 315
312 314
312 339
312 327
312 337
312 322
312 379
312 330
312 325
312 342
312 353
312 354
312 329
312 371
312 346
312 340
312 331
312 336
312 321
312 400
312 350
312 363
312 317
312 366
312 345
312 341
352 379
352 353
352 354
352 371
352 400
352 363
352 366
355 379
355 371
355 400
355 363
355 366
364 379
364 371
364 400
364 366
348 379
348 353
348 354
348 371
348 400
348 350
348 363
348 366
348 352
348 355
348 364
376 379
376 400
333 339
333 337
333 379
333 342
333 353
333 354
333 371
333 346
333 340
333 336
333 400
333 350
333 363
333 366
333 345
333 341
333 352
333 355
333 364
333 348
333 376
332 339
332 337
332 379
332 342
332 353
332 354
332 371
332 346
332 340
332 336
332 400
332 350
332 363
332 366
332 345
332 341
332 352
332 355
332 364
332 348
332 376
332 333
385 400
389 400
370 379
370 371
370 400
370 376
370 385
370 389
347 379
347 353
347 354
347 371
347 400
347 350
347 363
347 366
347 352
347 355
347 364
347 348
347 376
347 385
347 389
347 370
335 339
335 337
335 379
335 342
335 353
335 354
335 371
335 346
335 340
335 336
335 400
335 350
335 363
335 366
335 345
335 341
335 352
335 355
335 364
335 348
335 376
335 385
335 389
335 370
335 347
328 339
328 337
328 379
328 330
328 342
328 353
328 354
328 329
328 371
328 346
328 340
328 331
328 336
328 400
328 350
328 363
328 366
328 345
328 341
328 352
328 355
328 364
328 348
328 376
328 333
328 332
328 385
328 389
328 370
328 347
328 335
319 323
319 324
319 326
319 320
319 339
319 327
319 337
319 322
319 379
319 330
319 325
319 342
319 353
319 354
319 329
319 371
319 346
319 340
319 331
319 336
319 321
319 400
319 350
319 363
319 366
319 345
319 341
319 352
319 355
319 364
319 348
319 376
319 333
319 332
319 385
319 389
319 370
319 347
319 335
319 328
365 379
365 371
365 400
365 366
365 376
365 385
365 389
365 370
374 379
374 400
374 376
374 385
374 389
378 379
378 400
378 385
378 389
343 379
343 353
343 354
343 371
343 346
343 400
343 350
343 363
343 366
343 345
343 352
343 355
343 364
343 348
343 376
343 385
343 389
343 370
343 347
343 365
343 374
343 378
338 339
338 379
338 342
338 353
338 354
338 371
338 346
338 340
338 400
338 350
338 363
338 366
338 345
338 341
338 352
338 355
338 364
338 348
338 376
338 385
338 389
338 370
338 347
338 365
338 374
338 378
338 343
362 379
362 371
362 400
362 363
362 366
362 364
362 376
362 385
362 389
362 370
362 365
362 374
362 378
349 379
349 353
349 354
349 371
349 400
349 350
349 363
349 366
349 352
349 355
349 364
349 376
349 385
349 389
349 370
349 365
349 374
349 378
349 362
351 379
351 353
351 354
351 371
351 400
351 363
351 366
351 352
351 355
351 364
351 376
351 385
351 389
351 370
351 365
351 374
351 378
351 362
359 379
359 371
359 400
359 363
359 366
359 364
359 376
359 385
359 389
359 370
359 365
359 374
359 378
359 362
390 400
383 400
383 385
383 389
383 390
375 379
375 400
375 376
375 385
375 389
375 378
375 390
375 383
375 441
422 441
361 379
361 371
361 400
361 363
361 366
361 364
361 376
361 385
361 389
361 370
361 365
361 374
361 378
361 362
361 390
361 383
361 441
361 375
361 422
386 400
386 389
386 390
386 441
386 422
388 400
388 389
388 390
388 441
388 422
373 379
373 400
373 376
373 385
373 389
373 374
373 378
373 390
373 383
373 441
373 375
373 422
373 386
373 388
367 379
367 371
367 400
367 376
367 385
367 389
367 370
367 374
367 378
367 390
367 383
367 441
367 375
367 422
367 386
367 388
367 373
344 379
344 353
344 354
344 371
344 346
344 400
344 350
344 363
344 366
344 345
344 352
344 355
344 364
344 348
344 376
344 385
344 389
344 370
344 347
344 365
344 374
344 378
344 362
344 349
344 351
344 359
344 390
344 383
344 441
344 375
344 422
344 361
344 386
344 388
344 373
344 367
360 379
360 371
360 400
360 363
360 366
360 364
360 376
360 385
360 389
360 370
360 365
360 374
360 378
360 362
360 390
360 383
360 441
360 375
360 422
360 361
360 386
360 388
360 373
360 367
372 379
372 400
372 376
372 385
372 389
372 374
372 378
372 390
372 383
372 441
372 375
372 422
372 386
372 388
372 373
413 441
413 422
334 339
334 337
334 379
334 342
334 353
334 354
334 371
334 346
334 340
334 336
334 400
334 350
334 363
334 366
334 345
334 341
334 352
334 355
334 364
334 348
334 376
334 385
334 389
334 370
334 347
334 335
334 365
334 374
334 378
334 343
334 338
334 362
334 349
334 351
334 359
334 390
334 383
334 441
334 375
334 422
334 361
334 386
334 388
334 373
334 367
334 344
334 360
334 372
334 413
382 400
382 385
382 389
382 390
382 383
382 441
382 422
382 386
382 388
382 413
396 400
396 441
396 422
396 413
399 400
399 441
399 422
399 413
419 441
419 422
380 400
380 385
380 389
380 390
380 383
380 441
380 422
380 386
380 388
380 413
380 382
380 396
380 399
380 419
356 379
356 371
356 400
356 363
356 366
356 364
356 376
356 385
356 389
356 370
356 365
356 374
356 378
356 362
356 359
356 390
356 383
356 441
356 375
356 422
356 361
356 386
356 388
356 373
356 367
356 360
356 372
356 413
356 382
356 396
356 399
356 419
356 380
416 441
416 422
416 419
384 400
384 385
384 389
384 390
384 441
384 422
384 386
384 388
384 413
384 396
384 399
384 419
384 416
394 400
394 441
394 422
394 413
394 396
394 399
394 419
394 416
402 441
402 422
402 413
402 419
402 416
377 379
377 400
377 385
377 389
377 378
377 390
377 383
377 441
377 422
377 386
377 388
377 413
377 382
377 396
377 399
377 419
377 380
377 416
377 384
377 394
377 402
393 400
393 441
393 422
393 413
393 396
393 399
393 419
393 416
393 394
393 402
381 400
381 385
381 389
381 390
381 383
381 441
381 422
381 386
381 388
381 413
381 382
381 396
381 399
381 419
381 416
381 384
381 394
381 402
381 393
358 379
358 371
358 400
358 363
358 366
358 364
358 376
358 385
358 389
358 370
358 365
358 374
358 378
358 362
358 359
358 390
358 383
358 441
358 375
358 422
358 361
358 386
358 388
358 373
358 367
358 360
358 372
358 413
358 382
358 396
358 399
358 419
358 380
358 416
358 384
358 394
358 402
358 377
358 393
358 381
415 441
415 422
415 419
415 416
357 379
357 371
357 400
357 363
357 366
357 364
357 376
357 385
357 389
357 370
357 365
357 374
357 378
357 362
357 359
357 390
357 383
357 441
357 375
357 422
357 361
357 386
357 388
357 373
357 367
357 360
357 372
357 413
357 382
357 396
357 399
357 419
357 380
357 416
357 384
357 394
357 402
357 377
357 393
357 381
357 358
357 415
392 400
392 441
392 422
392 413
392 396
392 399
392 419
392 416
392 394
392 402
392 393
392 415
387 400
387 389
387 390
387 441
387 422
387 388
387 413
387 396
387 399
387 419
387 416
387 394
387 402
387 393
387 415
387 392
405 441
405 422
405 413
405 419
405 416
405 415
397 400
397 441
397 422
397 413
397 399
397 419
397 416
397 402
397 415
397 405
406 441
406 422
406 413
406 419
406 416
406 415
391 400
391 441
391 422
391 413
391 396
391 399
391 419
391 416
391 394
391 402
391 393
391 415
391 392
391 405
391 397
391 406
418 441
418 422
418 419
407 441
407 422
407 413
407 419
407 416
407 415
407 418
401 441
401 422
401 413
401 419
401 416
401 402
401 415
401 405
401 406
401 418
401 407
414 441
414 422
414 419
414 416
414 415
414 418
411 441
411 422
411 413
411 419
411 416
411 415
411 418
411 414
368 379
368 371
368 400
368 376
368 385
368 389
368 370
368 374
368 378
368 390
368 383
368 441
368 375
368 422
368 386
368 388
368 373
368 372
368 413
368 382
368 396
368 399
368 419
368 380
368 416
368 384
368 394
368 402
368 377
368 393
368 381
368 415
368 392
368 387
368 405
368 397
368 406
368 391
368 418
368 407
368 401
368 414
368 411
437 441
369 379
369 371
369 400
369 376
369 385
369 389
369 370
369 374
369 378
369 390
369 383
369 441
369 375
369 422
369 386
369 388
369 373
369 372
369 413
369 382
369 396
369 399
369 419
369 380
369 416
369 384
369 394
369 402
369 377
369 393
369 381
369 415
369 392
369 387
369 405
369 397
369 406
369 391
369 418
369 407
369 401
369 414
369 411
369 437
369 451
369 455
369 457
410 441
410 422
410 413
410 419
410 416
410 415
410 418
410 414
410 411
410 437
410 451
410 455
410 457
442 451
442 455
442 457
425 441
425 437
425 451
425 455
425 457
425 442
409 441
409 422
409 413
409 419
409 416
409 415
409 418
409 414
409 411
409 437
409 451
409 455
409 457
409 410
409 442
409 425
439 441
439 451
439 455
439 457
439 442
420 441
420 422
420 437
420 451
420 455
420 457
420 442
420 425
420 439
412 441
412 422
412 413
412 419
412 416
412 415
412 418
412 414
412 437
412 451
412 455
412 457
412 442
412 425
412 439
412 420
408 441
408 422
408 413
408 419
408 416
408 415
408 418
408 414
408 411
408 437
408 451
408 455
408 457
408 410
408 442
408 425
408 409
408 439
408 420
408 412
417 441
417 422
417 419
417 418
417 437
417 451
417 455
417 457
417 442
417 425
417 439
417 420
453 455
453 457
431 441
431 437
431 451
431 455
431 457
431 442
431 439
431 453
427 441
427 437
427 451
427 455
427 457
427 442
427 439
427 453
427 431
456 457
404 441
404 422
404 413
404 419
404 416
404 415
404 405
404 406
404 418
404 407
404 414
404 411
404 437
404 451
404 455
404 457
404 410
404 442
404 425
404 409
404 439
404 420
404 412
404 408
404 417
404 453
404 431
404 427
404 456
432 441
432 437
432 451
432 455
432 457
432 442
432 439
432 453
432 456
395 400
395 441
395 422
395 413
395 396
395 399
395 419
395 416
395 402
395 415
395 405
395 397
395 406
395 418
395 407
395 401
395 414
395 411
395 437
395 451
395 455
395 457
395 410
395 442
395 425
395 409
395 439
395 420
395 412
395 408
395 417
395 453
395 431
395 427
395 456
395 404
395 432
395 467
398 400
398 441
398 422
398 413
398 399
398 419
398 416
398 402
398 415
398 405
398 406
398 418
398 407
398 401
398 414
398 411
398 437
398 451
398 455
398 457
398 410
398 442
398 425
398 409
398 439
398 420
398 412
398 408
398 417
398 453
398 431
398 427
398 456
398 404
398 432
398 467
468 477
428 441
428 437
428 451
428 455
428 457
428 442
428 439
428 453
428 431
428 456
428 432
428 467
428 477
428 468
443 451
443 455
443 457
443 453
443 456
443 467
443 477
443 468
426 441
426 437
426 451
426 455
426 457
426 442
426 439
426 453
426 431
426 427
426 456
426 432
426 467
426 477
426 468
426 428
426 443
424 441
424 437
424 451
424 455
424 457
424 442
424 425
424 439
424 453
424 431
424 427
424 456
424 432
424 467
424 477
424 468
424 428
424 443
424 426
445 451
445 455
445 457
445 453
445 456
445 467
445 477
445 468
461 467
461 477
461 468
463 467
463 477
463 468
438 441
438 451
438 455
438 457
438 442
438 439
438 453
438 456
438 467
438 477
438 468
438 443
438 445
438 461
438 463
434 441
434 437
434 451
434 455
434 457
434 442
434 439
434 453
434 456
434 467
434 477
434 468
434 443
434 445
434 461
434 463
434 438
430 441
430 437
430 451
430 455
430 457
430 442
430 439
430 453
430 431
430 456
430 432
430 467
430 477
430 468
430 443
430 445
430 461
430 463
430 438
430 434
435 441
435 437
435 451
435 455
435 457
435 442
435 439
435 453
435 456
435 467
435 477
435 468
435 443
435 445
435 461
435 463
435 438
421 441
421 422
421 437
421 451
421 455
421 457
421 442
421 425
421 439
421 453
421 431
421 427
421 456
421 432
421 467
421 477
421 468
421 428
421 443
421 426
421 424
421 445
421 461
421 463
421 438
421 434
421 430
421 435
433 441
433 437
433 451
433 455
433 457
433 442
433 439
433 453
433 456
433 467
433 477
433 468
433 443
433 445
433 461
433 463
433 438
433 434
433 435
440 441
440 451
440 455
440 457
440 442
440 453
440 456
440 467
440 477
440 468
440 443
440 445
440 461
440 463
440 510
470 477
470 510
449 451
449 455
449 457
449 453
449 456
449 467
449 477
449 468
449 461
449 463
449 510
449 470
458 467
458 477
458 468
458 461
458 463
458 510
458 470
447 451
447 455
447 457
447 453
447 456
447 467
447 477
447 468
447 461
447 463
447 510
447 470
447 449
447 458
450 451
450 455
450 457
450 453
450 456
450 467
450 477
450 468
450 461
450 463
450 510
450 470
450 458
503 510
479 510
479 503
429 441
429 437
429 451
429 455
429 457
429 442
429 439
429 453
429 431
429 456
429 432
429 467
429 477
429 468
429 443
429 445
429 461
429 463
429 438
429 434
429 430
429 435
429 433
429 510
429 440
429 470
429 449
429 458
429 447
429 450
429 503
429 479
495 510
495 503
436 441
436 437
436 451
436 455
436 457
436 442
436 439
436 453
436 456
436 467
436 477
436 468
436 443
436 445
436 461
436 463
436 438
436 510
436 440
436 470
436 449
436 458
436 447
436 450
436 503
436 479
436 495
474 477
474 510
474 503
474 479
474 495
464 467
464 477
464 468
464 510
464 470
464 503
464 479
464 495
464 474
472 477
472 510
472 503
472 479
472 495
472 474
462 467
462 477
462 468
462 463
462 510
462 470
462 503
462 479
462 495
462 474
462 464
462 472
502 510
502 503
452 455
452 457
452 453
452 456
452 467
452 477
452 468
452 461
452 463
452 510
452 470
452 458
452 503
452 479
452 495
452 474
452 464
452 472
452 462
452 502
487 510
487 503
487 495
487 502
473 477
473 510
473 503
473 479
473 495
473 474
473 502
473 487
473 516
473 519
444 451
444 455
444 457
444 453
444 456
444 467
444 477
444 468
444 445
444 461
444 463
444 510
444 470
444 449
444 458
444 447
444 450
444 503
444 479
444 495
444 474
444 464
444 472
444 462
444 502
444 452
444 487
444 516
444 519
444 473
493 510
493 503
493 495
493 502
493 516
493 519
480 510
480 503
480 495
480 502
480 487
480 516
480 519
480 493
483 510
483 503
483 495
483 502
483 487
483 516
483 519
483 493
423 441
423 437
423 451
423 455
423 457
423 442
423 425
423 439
423 453
423 431
423 427
423 456
423 432
423 467
423 477
423 468
423 428
423 443
423 426
423 424
423 445
423 461
423 463
423 438
423 434
423 430
423 435
423 433
423 510
423 440
423 470
423 449
423 458
423 447
423 450
423 503
423 479
423 429
423 495
423 436
423 474
423 464
423 472
423 462
423 502
423 452
423 487
423 516
423 519
423 473
423 444
423 493
423 480
423 483
466 467
466 477
466 468
466 510
466 470
466 503
466 479
466 495
466 474
466 472
466 502
466 487
466 516
466 519
466 473
466 493
466 480
466 483
481 510
481 503
481 495
481 502
481 487
481 516
481 519
481 493
481 483
494 510
494 503
494 495
494 502
494 516
494 519
465 467
465 477
465 468
465 510
465 470
465 503
465 479
465 495
465 474
465 472
465 502
465 487
465 516
465 519
465 473
465 493
465 480
465 483
465 466
465 481
465 494
403 441
403 422
403 413
403 419
403 416
403 415
403 405
403 406
403 418
403 407
403 414
403 411
403 437
403 451
403 455
403 457
403 410
403 442
403 425
403 409
403 439
403 420
403 412
403 408
403 417
403 453
403 431
403 427
403 456
403 404
403 432
403 467
403 477
403 468
403 428
403 443
403 426
403 424
403 445
403 461
403 463
403 438
403 434
403 430
403 435
403 421
403 433
403 510
403 440
403 470
403 449
403 458
403 447
403 450
403 503
403 479
403 429
403 495
403 436
403 474
403 464
403 472
403 462
403 502
403 452
403 487
403 516
403 519
403 473
403 444
403 493
403 480
403 483
403 423
403 466
403 481
403 494
403 465
490 510
490 503
490 495
490 502
490 516
490 519
490 493
490 494
506 510
506 516
506 519
491 510
491 503
491 495
491 502
491 516
491 519
491 493
491 494
491 506
446 451
446 455
446 457
446 453
446 456
446 467
446 477
446 468
446 461
446 463
446 510
446 470
446 449
446 458
446 447
446 450
446 503
446 479
446 495
446 474
446 464
446 472
446 462
446 502
446 452
446 487
446 516
446 519
446 473
446 493
446 480
446 483
446 466
446 481
446 494
446 465
446 490
446 506
446 491
471 477
471 510
471 503
471 479
471 495
471 474
471 472
471 502
471 487
471 516
471 519
471 473
471 493
471 480
471 483
471 481
471 494
471 490
471 506
471 491
448 451
448 455
448 457
448 453
448 456
448 467
448 477
448 468
448 461
448 463
448 510
448 470
448 449
448 458
448 450
448 503
448 479
448 495
448 474
448 464
448 472
448 462
448 502
448 452
448 487
448 516
448 519
448 473
448 493
448 480
448 483
448 466
448 481
448 494
448 465
448 490
448 506
448 491
448 471
484 510
484 503
484 495
484 502
484 487
484 516
484 519
484 493
484 494
484 490
484 506
484 491
460 467
460 477
460 468
460 461
460 463
460 510
460 470
460 503
460 479
460 495
460 474
460 464
460 472
460 462
460 502
460 487
460 516
460 519
460 473
460 493
460 480
460 483
460 466
460 481
460 494
460 465
460 490
460 506
460 491
460 471
460 484
505 510
505 516
505 519
505 506
505 521
482 510
482 503
482 495
482 502
482 487
482 516
482 519
482 493
482 483
482 494
482 490
482 506
482 491
482 484
482 521
482 505
482 524
520 521
520 524
476 477
476 510
476 503
476 479
476 495
476 502
476 487
476 516
476 519
476 493
476 480
476 483
476 481
476 494
476 490
476 506
476 491
476 484
476 521
476 505
476 524
476 482
476 520
478 510
478 503
478 479
478 495
478 502
478 487
478 516
478 519
478 493
478 480
478 483
478 481
478 494
478 490
478 506
478 491
478 484
478 521
478 505
478 524
478 482
478 520
485 510
485 503
485 495
485 502
485 487
485 516
485 519
485 493
485 494
485 490
485 506
485 491
485 521
485 505
485 524
485 520
496 510
496 503
496 502
496 516
496 519
496 506
496 521
496 505
496 524
496 520
454 455
454 457
454 456
454 467
454 477
454 468
454 461
454 463
454 510
454 470
454 458
454 503
454 479
454 495
454 474
454 464
454 472
454 462
454 502
454 487
454 516
454 519
454 473
454 493
454 480
454 483
454 466
454 481
454 494
454 465
454 490
454 506
454 491
454 471
454 484
454 460
454 521
454 505
454 524
454 482
454 520
454 476
454 478
454 485
454 496
498 510
498 503
498 502
498 516
498 519
498 506
498 521
498 505
498 524
498 520
515 516
515 519
515 521
515 524
515 520
501 510
501 503
501 502
501 516
501 519
501 506
501 521
501 505
501 524
501 520
501 515
513 516
513 519
513 521
513 524
513 520
513 515
459 467
459 477
459 468
459 461
459 463
459 510
459 470
459 503
459 479
459 495
459 474
459 464
459 472
459 462
459 502
459 487
459 516
459 519
459 473
459 493
459 480
459 483
459 466
459 481
459 494
459 465
459 490
459 506
459 491
459 471
459 484
459 460
459 521
459 505
459 524
459 482
459 520
459 476
459 478
459 485
459 496
459 498
459 515
459 501
459 513
459 531
499 510
499 503
499 502
499 516
499 519
499 506
499 521
499 505
499 524
499 520
499 515
499 501
499 513
499 531
492 510
492 503
492 495
492 502
492 516
492 519
492 493
492 494
492 506
492 521
492 505
492 524
492 520
492 496
492 498
492 515
492 501
492 513
492 531
492 499
504 510
504 516
504 519
504 506
504 521
504 505
504 524
504 520
504 515
504 513
504 531
536 545
475 477
475 510
475 503
475 479
475 495
475 502
475 487
475 516
475 519
475 493
475 480
475 483
475 481
475 494
475 490
475 506
475 491
475 484
475 521
475 505
475 524
475 482
475 520
475 476
475 478
475 485
475 496
475 498
475 515
475 501
475 513
475 531
475 499
475 492
475 504
475 545
475 536
526 531
526 545
526 536
512 516
512 519
512 521
512 524
512 520
512 515
512 513
512 531
512 545
512 536
512 526
489 510
489 503
489 495
489 502
489 516
489 519
489 493
489 494
489 490
489 506
489 491
489 521
489 505
489 524
489 520
489 496
489 498
489 515
489 501
489 513
489 531
489 499
489 492
489 504
489 545
489 536
489 526
489 512
528 531
528 545
528 536
509 510
509 516
509 519
509 521
509 524
509 520
509 515
509 513
509 531
509 545
509 536
509 526
509 512
509 528
534 545
534 536
500 510
500 503
500 502
500 516
500 519
500 506
500 521
500 505
500 524
500 520
500 515
500 501
500 513
500 531
500 504
500 545
500 536
500 526
500 512
500 528
500 509
500 534
508 510
508 516
508 519
508 521
508 524
508 520
508 515
508 513
508 531
508 545
508 536
508 526
508 512
508 528
508 509
508 534
517 519
517 521
517 524
517 520
517 531
517 545
517 536
517 526
517 528
517 534
488 510
488 503
488 495
488 502
488 516
488 519
488 493
488 494
488 490
488 506
488 491
488 521
488 505
488 524
488 520
488 496
488 498
488 515
488 501
488 513
488 531
488 499
488 492
488 504
488 545
488 536
488 526
488 512
488 489
488 528
488 509
488 534
488 500
488 508
488 517
544 545
544 567
539 545
539 567
539 544
537 545
537 567
537 544
537 539
486 510
486 503
486 495
486 502
486 487
486 516
486 519
486 493
486 494
486 490
486 506
486 491
486 521
486 505
486 524
486 520
486 496
486 498
486 515
486 501
486 513
486 531
486 499
486 492
486 504
486 545
486 536
486 526
486 512
486 489
486 528
486 509
486 534
486 500
486 508
486 517
486 488
486 567
486 544
486 539
486 537
525 531
525 545
525 536
525 526
525 528
525 534
525 567
525 544
525 539
525 537
532 545
532 536
532 534
532 567
532 544
532 539
532 537
541 545
541 567
541 544
497 510
497 503
497 502
497 516
497 519
497 506
497 521
497 505
497 524
497 520
497 498
497 515
497 501
497 513
497 531
497 499
497 504
497 545
497 536
497 526
497 512
497 528
497 509
497 534
497 500
497 508
497 517
497 567
497 544
497 539
497 537
497 525
497 532
497 541
543 545
543 567
543 544
530 531
530 545
530 536
530 534
530 567
530 544
530 539
530 537
530 532
530 541
530 543
563 567
540 545
540 567
540 544
540 541
540 543
540 563
511 516
511 519
511 521
511 524
511 520
511 515
511 513
511 531
511 545
511 536
511 526
511 512
511 528
511 534
511 517
511 567
511 544
511 539
511 537
511 525
511 532
511 541
511 543
511 530
511 563
511 540
518 519
518 521
518 524
518 520
518 531
518 545
518 536
518 526
518 528
518 534
518 567
518 544
518 539
518 537
518 525
518 532
518 541
518 543
518 530
518 563
518 540
469 477
469 510
469 470
469 503
469 479
469 495
469 474
469 472
469 502
469 487
469 516
469 519
469 473
469 493
469 480
469 483
469 481
469 494
469 490
469 506
469 491
469 471
469 484
469 521
469 505
469 524
469 482
469 520
469 476
469 478
469 485
469 496
469 498
469 515
469 501
469 513
469 531
469 499
469 492
469 504
469 545
469 536
469 475
469 526
469 512
469 489
469 528
469 509
469 534
469 500
469 508
469 517
469 488
469 567
469 544
469 539
469 537
469 486
469 525
469 532
469 541
469 497
469 543
469 530
469 563
469 540
469 511
469 518
542 545
542 567
542 544
542 543
542 563
542 572
514 516
514 519
514 521
514 524
514 520
514 515
514 531
514 545
514 536
514 526
514 528
514 534
514 517
514 567
514 544
514 539
514 537
514 525
514 532
514 541
514 543
514 530
514 563
514 540
514 518
514 572
514 542
522 524
522 531
522 545
522 536
522 526
522 528
522 534
522 567
522 544
522 539
522 537
522 525
522 532
522 541
522 543
522 530
522 563
522 540
522 572
522 542
507 510
507 516
507 519
507 521
507 524
507 520
507 515
507 513
507 531
507 545
507 536
507 526
507 512
507 528
507 509
507 534
507 508
507 517
507 567
507 544
507 539
507 537
507 525
507 532
507 541
507 543
507 530
507 563
507 540
507 511
507 518
507 572
507 542
507 514
507 522
546 567
546 563
546 572
568 572
535 545
535 536
535 567
535 544
535 539
535 537
535 541
535 543
535 563
535 540
535 572
535 542
535 546
535 568
560 567
560 563
560 572
560 568
548 567
548 563
548 572
548 568
548 560
533 545
533 536
533 534
533 567
533 544
533 539
533 537
533 541
533 543
533 563
533 540
533 572
533 542
533 546
533 568
533 535
533 560
533 548
538 545
538 567
538 544
538 539
538 541
538 543
538 563
538 540
538 572
538 542
538 546
538 568
538 560
538 548
538 576
523 524
523 531
523 545
523 536
523 526
523 528
523 534
523 567
523 544
523 539
523 537
523 525
523 532
523 541
523 543
523 530
523 563
523 540
523 572
523 542
523 546
523 568
523 535
523 560
523 548
523 533
523 576
523 538
523 577
562 567
562 563
562 572
562 568
562 576
562 577
551 567
551 563
551 572
551 568
551 560
551 576
551 577
551 562
559 567
559 563
559 572
559 568
559 560
559 576
559 577
559 562
553 567
553 563
553 572
553 568
553 560
553 576
553 577
553 562
553 559
550 567
550 563
550 572
550 568
550 560
550 576
550 577
550 562
550 551
550 559
550 553
566 567
566 572
566 568
566 576
566 577
574 576
574 577
574 625
556 567
556 563
556 572
556 568
556 560
556 576
556 577
556 562
556 559
556 566
556 625
556 574
527 531
527 545
527 536
527 528
527 534
527 567
527 544
527 539
527 537
527 532
527 541
527 543
527 530
527 563
527 540
527 572
527 542
527 546
527 568
527 535
527 560
527 548
527 533
527 576
527 538
527 577
527 562
527 551
527 559
527 553
527 550
527 566
527 625
527 574
527 556
582 625
552 567
552 563
552 572
552 568
552 560
552 576
552 577
552 562
552 559
552 553
552 566
552 625
552 574
552 556
552 582
606 625
529 531
529 545
529 536
529 534
529 567
529 544
529 539
529 537
529 532
529 541
529 543
529 530
529 563
529 540
529 572
529 542
529 546
529 568
529 535
529 560
529 548
529 533
529 576
529 538
529 577
529 562
529 551
529 559
529 553
529 550
529 566
529 625
529 574
529 556
529 582
529 552
529 606
597 625
597 606
571 572
571 576
571 577
571 625
571 574
571 582
571 606
571 597
580 625
580 582
580 606
580 597
584 625
584 606
584 597
591 625
591 606
591 597
554 567
554 563
554 572
554 568
554 560
554 576
554 577
554 562
554 559
554 566
554 625
554 574
554 556
554 582
554 606
554 597
554 571
554 580
554 584
554 591
565 567
565 572
565 568
565 576
565 577
565 566
565 625
565 574
565 582
565 606
565 597
565 571
565 580
565 584
565 591
594 625
594 606
594 597
555 567
555 563
555 572
555 568
555 560
555 576
555 577
555 562
555 559
555 566
555 625
555 574
555 556
555 582
555 606
555 597
555 571
555 580
555 584
555 591
555 565
555 594
581 625
581 582
581 606
581 597
581 584
581 591
581 594
588 625
588 606
588 597
588 591
588 594
558 567
558 563
558 572
558 568
558 560
558 576
558 577
558 562
558 559
558 566
558 625
558 574
558 582
558 606
558 597
558 571
558 580
558 584
558 591
558 565
558 594
558 581
558 588
558 628
547 567
547 563
547 572
547 568
547 560
547 548
547 576
547 577
547 562
547 551
547 559
547 553
547 550
547 566
547 625
547 574
547 556
547 582
547 552
547 606
547 597
547 571
547 580
547 584
547 591
547 554
547 565
547 594
547 555
547 581
547 588
547 628
547 558
599 625
599 606
599 628
557 567
557 563
557 572
557 568
557 560
557 576
557 577
557 562
557 559
557 566
557 625
557 574
557 582
557 606
557 597
557 571
557 580
557 584
557 591
557 565
557 594
557 581
557 588
557 628
557 558
557 599
598 625
598 606
598 628
598 599
590 625
590 606
590 597
590 591
590 594
590 628
590 599
590 598
624 625
624 628
564 567
564 572
564 568
564 576
564 577
564 566
564 625
564 574
564 582
564 606
564 597
564 571
564 580
564 584
564 591
564 565
564 594
564 581
564 588
564 628
564 599
564 598
564 590
564 624
607 625
607 628
607 624
569 572
569 576
569 577
569 625
569 574
569 582
569 606
569 597
569 571
569 580
569 584
569 591
569 594
569 581
569 588
569 628
569 599
569 598
569 590
569 624
569 607
610 625
610 628
610 624
596 625
596 606
596 597
596 628
596 599
596 598
596 624
596 607
596 610
605 625
605 606
605 628
605 624
605 607
605 610
587 625
587 606
587 597
587 591
587 594
587 588
587 628
587 599
587 598
587 590
587 624
587 607
587 610
587 596
587 605
585 625
585 606
585 597
585 591
585 594
585 588
585 628
585 599
585 598
585 590
585 624
585 607
585 610
585 596
585 605
585 587
601 625
601 606
601 628
601 624
601 607
601 610
601 605
600 625
600 606
600 628
600 624
600 607
600 610
600 605
600 601
561 567
561 563
561 572
561 568
561 576
561 577
561 562
561 566
561 625
561 574
561 582
561 606
561 597
561 571
561 580
561 584
561 591
561 565
561 594
561 581
561 588
561 628
561 599
561 598
561 590
561 624
561 564
561 607
561 569
561 610
561 596
561 605
561 587
561 585
561 601
561 600
579 625
579 582
579 606
579 597
579 580
579 584
579 591
579 594
579 581
579 588
579 628
579 599
579 598
579 590
579 624
579 607
579 610
579 596
579 605
579 587
579 585
579 601
579 600
602 625
602 606
602 628
602 624
602 607
602 610
602 605
595 625
595 606
595 597
595 628
595 599
595 598
595 624
595 607
595 610
595 596
595 605
595 601
595 600
595 602
583 625
583 606
583 597
583 584
583 591
583 594
583 588
583 628
583 599
583 598
583 590
583 624
583 607
583 610
583 596
583 605
583 587
583 585
583 601
583 600
583 602
583 595
617 625
617 628
617 624
578 625
578 582
578 606
578 597
578 580
578 584
578 591
578 594
578 581
578 588
578 628
578 599
578 598
578 590
578 624
578 607
578 610
578 596
578 605
578 587
578 585
578 601
578 600
578 579
578 602
578 595
578 583
578 617
573 576
573 577
573 625
573 574
573 582
573 606
573 597
573 580
573 584
573 591
573 594
573 581
573 588
573 628
573 599
573 598
573 590
573 624
573 607
573 610
573 596
573 605
573 587
573 585
573 601
573 600
573 579
573 602
573 595
573 583
573 617
573 578
593 625
593 606
593 597
593 594
593 628
593 599
593 598
593 624
593 607
593 610
593 596
593 605
593 601
593 600
593 602
593 595
593 617
593 637
614 625
614 628
614 624
614 617
614 637
626 628
626 637
626 650
627 628
627 637
627 650
642 650
575 576
575 577
575 625
575 582
575 606
575 597
575 580
575 584
575 591
575 594
575 581
575 588
575 628
575 599
575 598
575 590
575 624
575 607
575 610
575 596
575 605
575 587
575 585
575 601
575 600
575 579
575 602
575 595
575 583
575 617
575 578
575 637
575 593
575 614
575 650
575 626
575 627
575 642
622 625
622 628
622 624
622 637
622 650
622 626
622 627
622 642
608 625
608 628
608 624
608 610
608 617
608 637
608 614
608 650
608 626
608 627
608 642
608 622
570 572
570 576
570 577
570 625
570 574
570 582
570 606
570 597
570 571
570 580
570 584
570 591
570 594
570 581
570 588
570 628
570 599
570 598
570 590
570 624
570 607
570 610
570 596
570 605
570 587
570 585
570 601
570 600
570 579
570 602
570 595
570 583
570 617
570 578
570 573
570 637
570 593
570 614
570 650
570 626
570 627
570 642
570 575
570 622
570 608
631 637
631 650
631 642
636 637
636 650
636 642
549 567
549 563
549 572
549 568
549 560
549 576
549 577
549 562
549 551
549 559
549 553
549 550
549 566
549 625
549 574
549 556
549 582
549 552
549 606
549 597
549 571
549 580
549 584
549 591
549 554
549 565
549 594
549 555
549 581
549 588
549 628
549 558
549 599
549 557
549 598
549 590
549 624
549 564
549 607
549 569
549 610
549 596
549 605
549 587
549 585
549 601
549 600
549 561
549 579
549 602
549 595
549 583
549 617
549 578
549 573
549 637
549 593
549 614
549 650
549 626
549 627
549 642
549 575
549 622
549 608
549 570
549 631
549 636
633 637
633 650
633 642
633 636
615 625
615 628
615 624
615 617
615 637
615 650
615 626
615 627
615 642
615 622
615 631
615 636
615 633
609 625
609 628
609 624
609 610
609 617
609 637
609 614
609 650
609 626
609 627
609 642
609 622
609 631
609 636
609 633
609 615
603 625
603 606
603 628
603 624
603 607
603 610
603 605
603 617
603 637
603 614
603 650
603 626
603 627
603 642
603 622
603 608
603 631
603 636
603 633
603 615
603 609
620 625
620 628
620 624
620 637
620 650
620 626
620 627
620 642
620 622
620 631
620 636
620 633
586 625
586 606
586 597
586 591
586 594
586 588
586 628
586 599
586 598
586 590
586 624
586 607
586 610
586 596
586 605
586 587
586 601
586 600
586 602
586 595
586 617
586 637
586 593
586 614
586 650
586 626
586 627
586 642
586 622
586 608
586 631
586 636
586 633
586 615
586 609
586 603
586 620
589 625
589 606
589 597
589 591
589 594
589 628
589 599
589 598
589 590
589 624
589 607
589 610
589 596
589 605
589 601
589 600
589 602
589 595
589 617
589 637
589 593
589 614
589 650
589 626
589 627
589 642
589 622
589 608
589 631
589 636
589 633
589 615
589 609
589 603
589 620
623 625
623 628
623 624
623 637
623 650
623 626
623 627
623 642
623 631
623 636
623 633
592 625
592 606
592 597
592 594
592 628
592 599
592 598
592 624
592 607
592 610
592 596
592 605
592 601
592 600
592 602
592 595
592 617
592 637
592 593
592 614
592 650
592 626
592 627
592 642
592 622
592 608
592 631
592 636
592 633
592 615
592 609
592 603
592 620
592 623
616 625
616 628
616 624
616 617
616 637
616 650
616 626
616 627
616 642
616 622
616 631
616 636
616 633
616 620
616 623
604 625
604 606
604 628
604 624
604 607
604 610
604 605
604 617
604 637
604 614
604 650
604 626
604 627
604 642
604 622
604 608
604 631
604 636
604 633
604 615
604 609
604 620
604 623
604 616
612 625
612 628
612 624
612 617
612 637
612 614
612 650
612 626
612 627
612 642
612 622
612 631
612 636
612 633
612 615
612 620
612 623
612 616
612 658
618 625
618 628
618 624
618 637
618 650
618 626
618 627
618 642
618 622
618 631
618 636
618 633
618 620
618 623
618 658
640 650
640 642
640 658
641 650
641 642
641 658
646 650
646 658
646 687
651 658
651 687
634 637
634 650
634 642
634 636
634 658
634 640
634 641
634 687
634 646
634 651
674 687
611 625
611 628
611 624
611 617
611 637
611 614
611 650
611 626
611 627
611 642
611 622
611 631
611 636
611 633
611 615
611 620
611 623
611 616
611 658
611 612
611 618
611 640
611 641
611 687
611 646
611 651
611 634
611 674
663 687
663 674
648 650
648 658
648 687
648 651
648 674
648 663
666 687
666 674
621 625
621 628
621 624
621 637
621 650
621 626
621 627
621 642
621 622
621 631
621 636
621 633
621 623
621 658
621 640
621 641
621 687
621 646
621 651
621 634
621 674
621 663
621 648
621 666
682 687
619 625
619 628
619 624
619 637
619 650
619 626
619 627
619 642
619 622
619 631
619 636
619 633
619 620
619 623
619 658
619 640
619 641
619 687
619 646
619 651
619 634
619 674
619 663
619 648
619 666
619 621
619 682
647 650
647 658
647 687
647 651
647 674
647 663
647 648
647 666
647 682
645 650
645 658
645 687
645 646
645 651
645 674
645 663
645 648
645 666
645 682
645 647
673 687
673 674
673 682
635 637
635 650
635 642
635 636
635 658
635 640
635 641
635 687
635 646
635 651
635 674
635 663
635 648
635 666
635 682
635 647
635 645
635 673
630 637
630 650
630 642
630 631
630 636
630 633
630 658
630 640
630 641
630 687
630 646
630 651
630 634
630 674
630 663
630 648
630 666
630 682
630 647
630 645
630 673
630 635
632 637
632 650
632 642
632 636
632 633
632 658
632 640
632 641
632 687
632 646
632 651
632 634
632 674
632 663
632 648
632 666
632 682
632 647
632 645
632 673
632 635
643 650
643 658
643 687
643 646
643 651
643 674
643 663
643 648
643 666
643 682
643 647
643 645
643 673
643 721
677 687
677 682
677 721
654 658
654 687
654 674
654 663
654 666
654 682
654 673
654 721
654 677
678 687
678 682
678 721
676 687
676 682
676 721
676 677
676 678
649 650
649 658
649 687
649 651
649 674
649 663
649 666
649 682
649 673
649 721
649 677
649 654
649 678
649 676
668 687
668 674
668 682
668 673
668 721
668 677
668 678
668 676
613 625
613 628
613 624
613 617
613 637
613 614
613 650
613 626
613 627
613 642
613 622
613 631
613 636
613 633
613 615
613 620
613 623
613 616
613 658
613 618
613 640
613 641
613 687
613 646
613 651
613 634
613 674
613 663
613 648
613 666
613 621
613 682
613 619
613 647
613 645
613 673
613 635
613 630
613 632
613 721
613 643
613 677
613 654
613 678
613 676
613 649
613 668
638 650
638 642
638 658
638 640
638 641
638 687
638 646
638 651
638 674
638 663
638 648
638 666
638 682
638 647
638 645
638 673
638 721
638 643
638 677
638 654
638 678
638 676
638 649
638 668
652 658
652 687
652 674
652 663
652 666
652 682
652 673
652 721
652 677
652 654
652 678
652 676
652 668
655 658
655 687
655 674
655 663
655 666
655 682
655 673
655 721
655 677
655 678
655 676
655 668
681 687
681 682
681 721
670 687
670 674
670 682
670 673
670 721
670 677
670 678
670 676
670 681
644 650
644 658
644 687
644 646
644 651
644 674
644 663
644 648
644 666
644 682
644 647
644 645
644 673
644 721
644 677
644 654
644 678
644 676
644 649
644 668
644 652
644 655
644 681
644 670
664 687
664 674
664 666
664 682
664 673
664 721
664 677
664 678
664 676
664 668
664 681
664 670
653 658
653 687
653 674
653 663
653 666
653 682
653 673
653 721
653 677
653 654
653 678
653 676
653 668
653 655
653 681
653 670
653 664
665 687
665 674
665 666
665 682
665 673
665 721
665 677
665 678
665 676
665 668
665 681
665 670
685 687
685 721
707 721
667 687
667 674
667 682
667 673
667 721
667 677
667 678
667 676
667 668
667 681
667 670
667 685
667 707
659 687
659 674
659 663
659 666
659 682
659 673
659 721
659 677
659 678
659 676
659 668
659 681
659 670
659 664
659 665
659 685
659 707
659 667
699 721
699 707
672 687
672 674
672 682
672 673
672 721
672 677
672 678
672 676
672 681
672 685
672 707
672 699
639 650
639 642
639 658
639 640
639 641
639 687
639 646
639 651
639 674
639 663
639 648
639 666
639 682
639 647
639 645
639 673
639 721
639 643
639 677
639 654
639 678
639 676
639 649
639 668
639 652
639 655
639 681
639 670
639 644
639 664
639 653
639 665
639 685
639 707
639 667
639 659
639 699
639 672
662 687
662 674
662 663
662 666
662 682
662 673
662 721
662 677
662 678
662 676
662 668
662 681
662 670
662 664
662 665
662 685
662 707
662 667
662 699
662 672
689 721
689 707
689 699
683 687
683 721
683 685
683 707
683 699
683 689
629 637
629 650
629 642
629 631
629 636
629 633
629 658
629 640
629 641
629 687
629 646
629 651
629 634
629 674
629 663
629 648
629 666
629 682
629 647
629 645
629 673
629 635
629 630
629 632
629 721
629 643
629 677
629 654
629 678
629 676
629 649
629 668
629 638
629 652
629 655
629 681
629 670
629 644
629 664
629 653
629 665
629 685
629 707
629 667
629 659
629 699
629 672
629 639
629 662
629 689
629 683
693 721
693 707
693 699
669 687
669 674
669 682
669 673
669 721
669 677
669 678
669 676
669 681
669 670
669 685
669 707
669 699
669 672
669 689
669 683
669 693
680 687
680 682
680 721
680 681
680 685
680 707
680 699
680 689
680 683
680 693
675 687
675 682
675 721
675 677
675 678
675 676
675 681
675 685
675 707
675 699
675 689
675 683
675 693
675 680
694 721
694 707
694 699
671 687
671 674
671 682
671 673
671 721
671 677
671 678
671 676
671 681
671 685
671 707
671 699
671 672
671 689
671 683
671 693
671 680
671 675
671 694
661 687
661 674
661 663
661 666
661 682
661 673
661 721
661 677
661 678
661 676
661 668
661 681
661 670
661 664
661 665
661 685
661 707
661 667
661 699
661 672
661 662
661 689
661 683
661 693
661 669
661 680
661 675
661 694
661 671
690 721
690 707
690 699
690 693
690 694
686 687
686 721
686 707
686 699
686 689
686 693
686 694
686 690
691 721
691 707
691 699
691 693
691 694
657 658
657 687
657 674
657 663
657 666
657 682
657 673
657 721
657 677
657 678
657 676
657 668
657 681
657 670
657 664
657 665
657 685
657 707
657 667
657 659
657 699
657 672
657 662
657 689
657 683
657 693
657 669
657 680
657 675
657 694
657 671
657 661
657 690
657 686
657 691
660 687
660 674
660 663
660 666
660 682
660 673
660 721
660 677
660 678
660 676
660 668
660 681
660 670
660 664
660 665
660 685
660 707
660 667
660 699
660 672
660 662
660 689
660 683
660 693
660 669
660 680
660 675
660 694
660 671
660 661
660 690
660 686
660 691
708 721
708 738
702 721
702 707
702 738
702 708
656 658
656 687
656 674
656 663
656 666
656 682
656 673
656 721
656 677
656 678
656 676
656 668
656 681
656 670
656 664
656 665
656 685
656 707
656 667
656 659
656 699
656 672
656 662
656 689
656 683
656 693
656 669
656 680
656 675
656 694
656 671
656 661
656 690
656 686
656 691
656 657
656 660
656 738
656 708
656 702
701 721
701 707
701 738
701 708
701 702
703 721
703 707
703 738
703 708
724 738
698 721
698 707
698 699
698 738
698 708
698 702
698 701
698 703
698 724
700 721
700 707
700 738
700 708
700 702
700 701
700 703
700 724
712 721
712 738
712 724
709 721
709 738
709 724
709 712
704 721
704 707
704 738
704 708
704 724
704 712
704 709
695 721
695 707
695 699
695 738
695 708
695 702
695 701
695 703
695 724
695 698
695 700
695 712
695 709
695 704
717 721
717 738
717 724
679 687
679 682
679 721
679 681
679 685
679 707
679 699
679 689
679 683
679 693
679 680
679 694
679 690
679 686
679 691
679 738
679 708
679 702
679 701
679 703
679 724
679 698
679 700
679 712
679 709
679 704
679 695
679 717
696 721
696 707
696 699
696 738
696 708
696 702
696 701
696 703
696 724
696 698
696 700
696 712
696 709
696 704
696 717
706 721
706 707
706 738
706 708
706 724
706 712
706 709
706 717
684 687
684 721
684 685
684 707
684 699
684 689
684 693
684 694
684 690
684 686
684 691
684 738
684 708
684 702
684 701
684 703
684 724
684 698
684 700
684 712
684 709
684 704
684 695
684 717
684 696
684 706
737 738
732 738
732 737
697 721
697 707
697 699
697 738
697 708
697 702
697 701
697 703
697 724
697 698
697 700
697 712
697 709
697 704
697 717
697 706
697 737
697 732
760 764
722 738
722 724
722 737
722 732
722 764
722 760
688 721
688 707
688 699
688 689
688 693
688 694
688 690
688 691
688 738
688 708
688 702
688 701
688 703
688 724
688 698
688 700
688 712
688 709
688 704
688 695
688 717
688 696
688 706
688 737
688 732
688 697
688 764
688 760
688 722
716 721
716 738
716 724
716 717
716 737
716 732
716 764
716 760
716 722
716 771
723 738
723 724
723 737
723 732
723 764
723 760
723 771
728 738
728 737
728 732
728 764
728 760
728 771
743 764
743 760
743 771
692 721
692 707
692 699
692 693
692 694
692 738
692 708
692 702
692 701
692 703
692 724
692 698
692 700
692 712
692 709
692 704
692 695
692 717
692 696
692 706
692 737
692 732
692 697
692 764
692 760
692 722
692 771
692 716
692 723
692 728
692 743
715 721
715 738
715 724
715 717
715 737
715 732
715 764
715 760
715 722
715 771
715 716
715 723
715 728
715 743
725 738
725 737
725 732
725 764
725 760
725 771
725 728
725 743
735 738
735 737
735 764
735 760
735 771
735 743
713 721
713 738
713 724
713 717
713 737
713 732
713 764
713 760
713 722
713 771
713 716
713 723
713 728
713 743
713 715
713 725
713 735
744 764
744 760
744 771
711 721
711 738
711 724
711 712
711 717
711 737
711 732
711 764
711 760
711 722
711 771
711 716
711 723
711 728
711 743
711 715
711 725
711 735
711 713
711 744
751 764
751 760
751 771
705 721
705 707
705 738
705 708
705 724
705 712
705 709
705 717
705 706
705 737
705 732
705 764
705 760
705 722
705 771
705 716
705 723
705 728
705 743
705 715
705 725
705 735
705 713
705 744
705 711
705 751
729 738
729 737
729 732
729 764
729 760
729 771
729 743
729 735
729 744
729 751
714 721
714 738
714 724
714 717
714 737
714 732
714 764
714 760
714 722
714 771
714 716
714 723
714 728
714 743
714 715
714 725
714 735
714 744
714 751
714 729
756 764
756 760
756 771
766 771
718 721
718 738
718 724
718 737
718 732
718 764
718 760
718 722
718 771
718 723
718 728
718 743
718 725
718 735
718 744
718 751
718 729
718 756
718 766
749 764
749 760
749 771
749 751
749 756
749 766
750 764
750 760
750 771
750 751
750 756
750 766
758 764
758 760
758 771
758 766
719 721
719 738
719 724
719 737
719 732
719 764
719 760
719 722
719 771
719 723
719 728
719 743
719 725
719 735
719 744
719 751
719 729
719 756
719 766
719 749
719 750
719 758
726 738
726 737
726 732
726 764
726 760
726 771
726 728
726 743
726 735
726 744
726 751
726 729
726 756
726 766
726 749
726 750
726 758
731 738
731 737
731 732
731 764
731 760
731 771
731 743
731 735
731 744
731 751
731 756
731 766
731 749
731 750
731 758
710 721
710 738
710 724
710 712
710 717
710 737
710 732
710 764
710 760
710 722
710 771
710 716
710 723
710 728
710 743
710 715
710 725
710 735
710 713
710 744
710 711
710 751
710 729
710 714
710 756
710 766
710 718
710 749
710 750
710 758
710 719
710 726
710 731
745 764
745 760
745 771
745 751
745 756
745 766
745 749
745 750
745 758
761 764
761 771
761 766
754 764
754 760
754 771
754 756
754 766
754 758
754 761
739 764
739 760
739 771
739 743
739 744
739 751
739 756
739 766
739 749
739 750
739 758
739 745
739 761
739 754
739 774
740 764
740 760
740 771
740 743
740 744
740 751
740 756
740 766
740 749
740 750
740 758
740 745
740 761
740 754
740 774
757 764
757 760
757 771
757 766
757 758
757 761
757 774
746 764
746 760
746 771
746 751
746 756
746 766
746 749
746 750
746 758
746 761
746 754
746 774
746 757
747 764
747 760
747 771
747 751
747 756
747 766
747 749
747 750
747 758
747 761
747 754
747 774
747 757
736 738
736 737
736 764
736 760
736 771
736 743
736 744
736 751
736 756
736 766
736 749
736 750
736 758
736 745
736 761
736 754
736 774
736 739
736 740
736 757
736 746
736 747
733 738
733 737
733 764
733 760
733 771
733 743
733 735
733 744
733 751
733 756
733 766
733 749
733 750
733 758
733 745
733 761
733 754
733 774
733 739
733 740
733 757
733 746
733 747
733 736
734 738
734 737
734 764
734 760
734 771
734 743
734 735
734 744
734 751
734 756
734 766
734 749
734 750
734 758
734 745
734 761
734 754
734 774
734 739
734 740
734 757
734 746
734 747
734 736
762 764
762 771
762 766
762 774
752 764
752 760
752 771
752 756
752 766
752 758
752 761
752 754
752 774
752 757
752 762
741 764
741 760
741 771
741 743
741 744
741 751
741 756
741 766
741 749
741 750
741 758
741 745
741 761
741 754
741 774
741 757
741 746
741 747
741 762
741 752
763 764
763 771
763 766
763 774
769 771
769 774
742 764
742 760
742 771
742 743
742 744
742 751
742 756
742 766
742 749
742 750
742 758
742 745
742 761
742 754
742 774
742 757
742 746
742 747
742 762
742 752
742 763
742 769
770 771
770 774
770 775
748 764
748 760
748 771
748 751
748 756
748 766
748 749
748 750
748 758
748 761
748 754
748 774
748 757
748 762
748 752
748 763
748 769
748 775
748 770
730 738
730 737
730 732
730 764
730 760
730 771
730 743
730 735
730 744
730 751
730 756
730 766
730 749
730 750
730 758
730 731
730 745
730 761
730 754
730 774
730 739
730 740
730 757
730 746
730 747
730 736
730 733
730 734
730 762
730 752
730 741
730 763
730 769
730 742
730 775
730 770
730 748
755 764
755 760
755 771
755 756
755 766
755 758
755 761
755 774
755 757
755 762
755 763
755 769
755 775
755 770
720 721
720 738
720 724
720 737
720 732
720 764
720 760
720 722
720 771
720 723
720 728
720 743
720 725
720 735
720 744
720 751
720 729
720 756
720 766
720 749
720 750
720 758
720 726
720 731
720 745
720 761
720 754
720 774
720 739
720 740
720 757
720 746
720 747
720 736
720 733
720 734
720 762
720 752
720 741
720 763
720 769
720 742
720 775
720 770
720 748
720 730
720 755
727 738
727 737
727 732
727 764
727 760
727 771
727 728
727 743
727 735
727 744
727 751
727 729
727 756
727 766
727 749
727 750
727 758
727 731
727 745
727 761
727 754
727 774
727 739
727 740
727 757
727 746
727 747
727 736
727 733
727 734
727 762
727 752
727 741
727 763
727 769
727 742
727 775
727 770
727 748
727 730
727 755
773 774
773 775
772 774
772 775
772 773
765 771
765 766
765 774
765 769
765 775
765 770
765 773
765 772
759 764
759 760
759 771
759 766
759 761
759 774
759 762
759 763
759 769
759 775
759 770
759 773
759 772
759 765
768 771
768 774
768 769
768 775
768 770
768 773
768 772
767 771
767 774
767 769
767 775
767 770
767 773
767 772
767 768
753 764
753 760
753 771
753 756
753 766
753 758
753 761
753 754
753 774
753 757
753 762
753 763
753 769
753 775
753 770
753 755
753 773
753 772
753 765
753 759
753 768
753 767
