182 7636
7 55
27 55
27 152
97 152
83 152
83 97
46 55
46 152
46 97
46 83
93 152
93 97
93 153
34 55
34 152
34 97
34 83
34 46
34 153
34 93
146 152
146 153
9 55
9 152
9 27
9 97
9 83
9 46
9 153
9 93
9 34
9 146
43 55
43 152
43 97
43 83
43 46
43 153
43 93
43 146
88 152
88 97
88 153
88 93
88 146
59 152
59 97
59 83
59 153
59 93
59 146
59 88
6 55
6 7
6 152
6 27
6 97
6 83
6 46
6 153
6 93
6 34
6 146
6 9
6 43
6 88
6 59
50 55
50 152
50 97
50 83
50 153
50 93
50 146
50 88
50 59
151 152
151 153
89 152
89 97
89 153
89 93
89 146
89 151
110 152
110 153
110 146
110 151
102 152
102 153
102 146
102 151
102 110
62 152
62 97
62 83
62 153
62 93
62 146
62 88
62 151
62 89
62 110
62 102
134 152
134 153
134 146
134 151
38 55
38 152
38 97
38 83
38 46
38 153
38 93
38 146
38 43
38 88
38 59
38 50
38 151
38 89
38 110
38 102
38 62
38 134
81 152
81 97
81 83
81 153
81 93
81 146
81 88
81 151
81 89
81 110
81 102
81 134
105 152
105 153
105 146
105 151
105 110
105 134
49 55
49 152
49 97
49 83
49 153
49 93
49 146
49 88
49 59
49 50
49 151
49 89
49 110
49 102
49 62
49 134
49 81
49 105
156 177
92 152
92 97
92 153
92 93
92 146
92 151
92 110
92 102
92 134
92 105
92 177
92 156
142 152
142 153
142 146
142 151
142 177
142 156
108 152
108 153
108 146
108 151
108 110
108 134
108 177
108 156
108 142
129 152
129 153
129 146
129 151
129 134
129 177
129 156
129 142
158 177
149 152
149 153
149 151
149 177
149 156
149 158
48 55
48 152
48 97
48 83
48 153
48 93
48 146
48 88
48 59
48 50
48 151
48 89
48 110
48 102
48 62
48 134
48 81
48 105
48 49
48 177
48 156
48 92
48 142
48 108
48 129
48 158
48 149
33 55
33 152
33 97
33 83
33 46
33 153
33 93
33 34
33 146
33 43
33 88
33 59
33 50
33 151
33 89
33 110
33 102
33 62
33 134
33 38
33 81
33 105
33 49
33 177
33 156
33 92
33 142
33 108
33 129
33 158
33 149
33 48
10 55
10 152
10 27
10 97
10 83
10 46
10 153
10 93
10 34
10 146
10 43
10 88
10 59
10 50
10 151
10 89
10 110
10 102
10 62
10 134
10 38
10 81
10 105
10 49
10 177
10 156
10 92
10 142
10 108
10 129
10 158
10 149
10 48
10 33
163 177
120 152
120 153
120 146
120 151
120 134
120 177
120 156
120 142
120 129
120 158
120 149
120 163
13 55
13 152
13 27
13 97
13 83
13 46
13 153
13 93
13 34
13 146
13 43
13 88
13 59
13 50
13 151
13 89
13 110
13 102
13 62
13 134
13 38
13 81
13 105
13 49
13 177
13 156
13 92
13 142
13 108
13 129
13 158
13 149
13 48
13 33
13 163
13 120
26 55
26 152
26 27
26 97
26 83
26 46
26 153
26 93
26 34
26 146
26 43
26 88
26 59
26 50
26 151
26 89
26 110
26 102
26 62
26 134
26 38
26 81
26 105
26 49
26 177
26 156
26 92
26 142
26 108
26 129
26 158
26 149
26 48
26 33
26 163
26 120
70 152
70 97
70 83
70 153
70 93
70 146
70 88
70 151
70 89
70 110
70 102
70 134
70 81
70 105
70 177
70 156
70 92
70 142
70 108
70 129
70 158
70 149
70 163
70 120
63 152
63 97
63 83
63 153
63 93
63 146
63 88
63 151
63 89
63 110
63 102
63 134
63 81
63 105
63 177
63 156
63 92
63 142
63 108
63 129
63 158
63 149
63 163
63 120
63 70
104 152
104 153
104 146
104 151
104 110
104 134
104 105
104 177
104 156
104 142
104 108
104 129
104 158
104 149
104 163
104 120
137 152
137 153
137 146
137 151
137 177
137 156
137 142
137 158
137 149
137 163
133 152
133 153
133 146
133 151
133 134
133 177
133 156
133 142
133 158
133 149
133 163
133 137
125 152
125 153
125 146
125 151
125 134
125 177
125 156
125 142
125 129
125 158
125 149
125 163
125 137
125 133
76 152
76 97
76 83
76 153
76 93
76 146
76 88
76 151
76 89
76 110
76 102
76 134
76 81
76 105
76 177
76 156
76 92
76 142
76 108
76 129
76 158
76 149
76 163
76 120
76 104
76 137
76 133
76 125
22 55
22 152
22 27
22 97
22 83
22 46
22 153
22 93
22 34
22 146
22 43
22 88
22 59
22 50
22 151
22 89
22 110
22 102
22 62
22 134
22 38
22 81
22 105
22 49
22 177
22 156
22 92
22 142
22 108
22 129
22 158
22 149
22 48
22 33
22 163
22 120
22 26
22 70
22 63
22 104
22 137
22 133
22 125
22 76
164 177
136 152
136 153
136 146
136 151
136 177
136 156
136 142
136 158
136 149
136 163
136 137
136 164
66 152
66 97
66 83
66 153
66 93
66 146
66 88
66 151
66 89
66 110
66 102
66 134
66 81
66 105
66 177
66 156
66 92
66 142
66 108
66 129
66 158
66 149
66 163
66 120
66 70
66 104
66 137
66 133
66 125
66 76
66 164
66 136
74 152
74 97
74 83
74 153
74 93
74 146
74 88
74 151
74 89
74 110
74 102
74 134
74 81
74 105
74 177
74 156
74 92
74 142
74 108
74 129
74 158
74 149
74 163
74 120
74 104
74 137
74 133
74 125
74 76
74 164
74 136
80 152
80 97
80 83
80 153
80 93
80 146
80 88
80 151
80 89
80 110
80 102
80 134
80 81
80 105
80 177
80 156
80 92
80 142
80 108
80 129
80 158
80 149
80 163
80 120
80 104
80 137
80 133
80 125
80 164
80 136
28 55
28 152
28 97
28 83
28 46
28 153
28 93
28 34
28 146
28 43
28 88
28 59
28 50
28 151
28 89
28 110
28 102
28 62
28 134
28 38
28 81
28 105
28 49
28 177
28 156
28 92
28 142
28 108
28 129
28 158
28 149
28 48
28 33
28 163
28 120
28 70
28 63
28 104
28 137
28 133
28 125
28 76
28 164
28 136
28 66
28 74
28 80
144 152
144 153
144 146
144 151
144 177
144 156
144 158
144 149
144 163
144 164
173 177
11 55
11 152
11 27
11 97
11 83
11 46
11 153
11 93
11 34
11 146
11 43
11 88
11 59
11 50
11 151
11 89
11 110
11 102
11 62
11 134
11 38
11 81
11 105
11 49
11 177
11 156
11 92
11 142
11 108
11 129
11 158
11 149
11 48
11 33
11 163
11 120
11 13
11 26
11 70
11 63
11 104
11 137
11 133
11 125
11 76
11 22
11 164
11 136
11 66
11 74
11 80
11 28
11 144
11 173
139 152
139 153
139 146
139 151
139 177
139 156
139 142
139 158
139 149
139 163
139 164
139 144
139 173
119 152
119 153
119 146
119 151
119 134
119 177
119 156
119 142
119 129
119 158
119 149
119 163
119 120
119 137
119 133
119 125
119 164
119 136
119 144
119 173
119 139
91 152
91 97
91 153
91 93
91 146
91 151
91 110
91 102
91 134
91 105
91 177
91 156
91 92
91 142
91 108
91 129
91 158
91 149
91 163
91 120
91 104
91 137
91 133
91 125
91 164
91 136
91 144
91 173
91 139
91 119
65 152
65 97
65 83
65 153
65 93
65 146
65 88
65 151
65 89
65 110
65 102
65 134
65 81
65 105
65 177
65 156
65 92
65 142
65 108
65 129
65 158
65 149
65 163
65 120
65 70
65 104
65 137
65 133
65 125
65 76
65 164
65 136
65 66
65 74
65 80
65 144
65 173
65 139
65 119
65 91
100 152
100 153
100 146
100 151
100 110
100 102
100 134
100 105
100 177
100 156
100 142
100 108
100 129
100 158
100 149
100 163
100 120
100 104
100 137
100 133
100 125
100 164
100 136
100 144
100 173
100 139
100 119
2 55
2 7
2 152
2 27
2 97
2 83
2 46
2 153
2 93
2 34
2 146
2 9
2 43
2 88
2 59
2 6
2 50
2 151
2 89
2 110
2 102
2 62
2 134
2 38
2 81
2 105
2 49
2 177
2 156
2 92
2 142
2 108
2 129
2 158
2 149
2 48
2 33
2 10
2 163
2 120
2 13
2 26
2 70
2 63
2 104
2 137
2 133
2 125
2 76
2 22
2 164
2 136
2 66
2 74
2 80
2 28
2 144
2 173
2 11
2 139
2 119
2 91
2 65
2 100
170 177
170 173
31 55
31 152
31 97
31 83
31 46
31 153
31 93
31 34
31 146
31 43
31 88
31 59
31 50
31 151
31 89
31 110
31 102
31 62
31 134
31 38
31 81
31 105
31 49
31 177
31 156
31 92
31 142
31 108
31 129
31 158
31 149
31 48
31 33
31 163
31 120
31 70
31 63
31 104
31 137
31 133
31 125
31 76
31 164
31 136
31 66
31 74
31 80
31 144
31 173
31 139
31 119
31 91
31 65
31 100
31 170
40 55
40 152
40 97
40 83
40 46
40 153
40 93
40 146
40 43
40 88
40 59
40 50
40 151
40 89
40 110
40 102
40 62
40 134
40 81
40 105
40 49
40 177
40 156
40 92
40 142
40 108
40 129
40 158
40 149
40 48
40 163
40 120
40 70
40 63
40 104
40 137
40 133
40 125
40 76
40 164
40 136
40 66
40 74
40 80
40 144
40 173
40 139
40 119
40 91
40 65
40 100
40 170
75 152
75 97
75 83
75 153
75 93
75 146
75 88
75 151
75 89
75 110
75 102
75 134
75 81
75 105
75 177
75 156
75 92
75 142
75 108
75 129
75 158
75 149
75 163
75 120
75 104
75 137
75 133
75 125
75 76
75 164
75 136
75 80
75 144
75 173
75 139
75 119
75 91
75 100
75 170
87 152
87 97
87 153
87 93
87 146
87 88
87 151
87 89
87 110
87 102
87 134
87 105
87 177
87 156
87 92
87 142
87 108
87 129
87 158
87 149
87 163
87 120
87 104
87 137
87 133
87 125
87 164
87 136
87 144
87 173
87 139
87 119
87 91
87 100
87 170
3 55
3 7
3 152
3 27
3 97
3 83
3 46
3 153
3 93
3 34
3 146
3 9
3 43
3 88
3 59
3 6
3 50
3 151
3 89
3 110
3 102
3 62
3 134
3 38
3 81
3 105
3 49
3 177
3 156
3 92
3 142
3 108
3 129
3 158
3 149
3 48
3 33
3 10
3 163
3 120
3 13
3 26
3 70
3 63
3 104
3 137
3 133
3 125
3 76
3 22
3 164
3 136
3 66
3 74
3 80
3 28
3 144
3 173
3 11
3 139
3 119
3 91
3 65
3 100
3 170
3 31
3 40
3 75
3 87
84 152
84 97
84 153
84 93
84 146
84 88
84 151
84 89
84 110
84 102
84 134
84 105
84 177
84 156
84 92
84 142
84 108
84 129
84 158
84 149
84 163
84 120
84 104
84 137
84 133
84 125
84 164
84 136
84 144
84 173
84 139
84 119
84 91
84 100
84 170
84 87
68 152
68 97
68 83
68 153
68 93
68 146
68 88
68 151
68 89
68 110
68 102
68 134
68 81
68 105
68 177
68 156
68 92
68 142
68 108
68 129
68 158
68 149
68 163
68 120
68 70
68 104
68 137
68 133
68 125
68 76
68 164
68 136
68 74
68 80
68 144
68 173
68 139
68 119
68 91
68 100
68 170
68 75
68 87
68 84
99 152
99 153
99 146
99 151
99 110
99 102
99 134
99 105
99 177
99 156
99 142
99 108
99 129
99 158
99 149
99 163
99 120
99 104
99 137
99 133
99 125
99 164
99 136
99 144
99 173
99 139
99 119
99 100
99 170
172 177
172 173
165 177
165 173
165 170
165 172
19 55
19 152
19 27
19 97
19 83
19 46
19 153
19 93
19 34
19 146
19 43
19 88
19 59
19 50
19 151
19 89
19 110
19 102
19 62
19 134
19 38
19 81
19 105
19 49
19 177
19 156
19 92
19 142
19 108
19 129
19 158
19 149
19 48
19 33
19 163
19 120
19 26
19 70
19 63
19 104
19 137
19 133
19 125
19 76
19 22
19 164
19 136
19 66
19 74
19 80
19 28
19 144
19 173
19 139
19 119
19 91
19 65
19 100
19 170
19 31
19 40
19 75
19 87
19 84
19 68
19 99
19 172
19 165
56 152
56 97
56 83
56 153
56 93
56 146
56 88
56 59
56 151
56 89
56 110
56 102
56 62
56 134
56 81
56 105
56 177
56 156
56 92
56 142
56 108
56 129
56 158
56 149
56 163
56 120
56 70
56 63
56 104
56 137
56 133
56 125
56 76
56 164
56 136
56 66
56 74
56 80
56 144
56 173
56 139
56 119
56 91
56 65
56 100
56 170
56 75
56 87
56 84
56 68
56 99
56 172
56 165
20 55
20 152
20 27
20 97
20 83
20 46
20 153
20 93
20 34
20 146
20 43
20 88
20 59
20 50
20 151
20 89
20 110
20 102
20 62
20 134
20 38
20 81
20 105
20 49
20 177
20 156
20 92
20 142
20 108
20 129
20 158
20 149
20 48
20 33
20 163
20 120
20 26
20 70
20 63
20 104
20 137
20 133
20 125
20 76
20 22
20 164
20 136
20 66
20 74
20 80
20 28
20 144
20 173
20 139
20 119
20 91
20 65
20 100
20 170
20 31
20 40
20 75
20 87
20 84
20 68
20 99
20 172
20 165
20 56
171 177
171 173
171 172
58 152
58 97
58 83
58 153
58 93
58 146
58 88
58 59
58 151
58 89
58 110
58 102
58 62
58 134
58 81
58 105
58 177
58 156
58 92
58 142
58 108
58 129
58 158
58 149
58 163
58 120
58 70
58 63
58 104
58 137
58 133
58 125
58 76
58 164
58 136
58 66
58 74
58 80
58 144
58 173
58 139
58 119
58 91
58 65
58 100
58 170
58 75
58 87
58 84
58 68
58 99
58 172
58 165
58 171
16 55
16 152
16 27
16 97
16 83
16 46
16 153
16 93
16 34
16 146
16 43
16 88
16 59
16 50
16 151
16 89
16 110
16 102
16 62
16 134
16 38
16 81
16 105
16 49
16 177
16 156
16 92
16 142
16 108
16 129
16 158
16 149
16 48
16 33
16 163
16 120
16 26
16 70
16 63
16 104
16 137
16 133
16 125
16 76
16 22
16 164
16 136
16 66
16 74
16 80
16 28
16 144
16 173
16 139
16 119
16 91
16 65
16 100
16 170
16 31
16 40
16 75
16 87
16 84
16 68
16 99
16 172
16 165
16 19
16 56
16 20
16 171
16 58
39 55
39 152
39 97
39 83
39 46
39 153
39 93
39 146
39 43
39 88
39 59
39 50
39 151
39 89
39 110
39 102
39 62
39 134
39 81
39 105
39 49
39 177
39 156
39 92
39 142
39 108
39 129
39 158
39 149
39 48
39 163
39 120
39 70
39 63
39 104
39 137
39 133
39 125
39 76
39 164
39 136
39 66
39 74
39 80
39 144
39 173
39 139
39 119
39 91
39 65
39 100
39 170
39 40
39 75
39 87
39 84
39 68
39 99
39 172
39 165
39 56
39 171
39 58
60 152
60 97
60 83
60 153
60 93
60 146
60 88
60 151
60 89
60 110
60 102
60 62
60 134
60 81
60 105
60 177
60 156
60 92
60 142
60 108
60 129
60 158
60 149
60 163
60 120
60 70
60 63
60 104
60 137
60 133
60 125
60 76
60 164
60 136
60 66
60 74
60 80
60 144
60 173
60 139
60 119
60 91
60 65
60 100
60 170
60 75
60 87
60 84
60 68
60 99
60 172
60 165
60 171
8 55
8 152
8 27
8 97
8 83
8 46
8 153
8 93
8 34
8 146
8 9
8 43
8 88
8 59
8 50
8 151
8 89
8 110
8 102
8 62
8 134
8 38
8 81
8 105
8 49
8 177
8 156
8 92
8 142
8 108
8 129
8 158
8 149
8 48
8 33
8 10
8 163
8 120
8 13
8 26
8 70
8 63
8 104
8 137
8 133
8 125
8 76
8 22
8 164
8 136
8 66
8 74
8 80
8 28
8 144
8 173
8 11
8 139
8 119
8 91
8 65
8 100
8 170
8 31
8 40
8 75
8 87
8 84
8 68
8 99
8 172
8 165
8 19
8 56
8 20
8 171
8 58
8 16
8 39
8 60
29 55
29 152
29 97
29 83
29 46
29 153
29 93
29 34
29 146
29 43
29 88
29 59
29 50
29 151
29 89
29 110
29 102
29 62
29 134
29 38
29 81
29 105
29 49
29 177
29 156
29 92
29 142
29 108
29 129
29 158
29 149
29 48
29 33
29 163
29 120
29 70
29 63
29 104
29 137
29 133
29 125
29 76
29 164
29 136
29 66
29 74
29 80
29 144
29 173
29 139
29 119
29 91
29 65
29 100
29 170
29 31
29 40
29 75
29 87
29 84
29 68
29 99
29 172
29 165
29 56
29 171
29 58
29 39
29 60
61 152
61 97
61 83
61 153
61 93
61 146
61 88
61 151
61 89
61 110
61 102
61 62
61 134
61 81
61 105
61 177
61 156
61 92
61 142
61 108
61 129
61 158
61 149
61 163
61 120
61 70
61 63
61 104
61 137
61 133
61 125
61 76
61 164
61 136
61 66
61 74
61 80
61 144
61 173
61 139
61 119
61 91
61 65
61 100
61 170
61 75
61 87
61 84
61 68
61 99
61 172
61 165
61 171
45 55
45 152
45 97
45 83
45 46
45 153
45 93
45 146
45 88
45 59
45 50
45 151
45 89
45 110
45 102
45 62
45 134
45 81
45 105
45 49
45 177
45 156
45 92
45 142
45 108
45 129
45 158
45 149
45 48
45 163
45 120
45 70
45 63
45 104
45 137
45 133
45 125
45 76
45 164
45 136
45 66
45 74
45 80
45 144
45 173
45 139
45 119
45 91
45 65
45 100
45 170
45 75
45 87
45 84
45 68
45 99
45 172
45 165
45 56
45 171
45 58
45 60
45 61
47 55
47 152
47 97
47 83
47 153
47 93
47 146
47 88
47 59
47 50
47 151
47 89
47 110
47 102
47 62
47 134
47 81
47 105
47 49
47 177
47 156
47 92
47 142
47 108
47 129
47 158
47 149
47 48
47 163
47 120
47 70
47 63
47 104
47 137
47 133
47 125
47 76
47 164
47 136
47 66
47 74
47 80
47 144
47 173
47 139
47 119
47 91
47 65
47 100
47 170
47 75
47 87
47 84
47 68
47 99
47 172
47 165
47 56
47 171
47 58
47 60
47 61
123 152
123 153
123 146
123 151
123 134
123 177
123 156
123 142
123 129
123 158
123 149
123 163
123 137
123 133
123 125
123 164
123 136
123 144
123 173
123 139
123 170
123 172
123 165
123 171
123 180
160 177
160 163
160 164
160 173
160 170
160 172
160 165
160 171
160 180
1 55
1 7
1 152
1 27
1 97
1 83
1 46
1 153
1 93
1 34
1 146
1 9
1 43
1 88
1 59
1 6
1 50
1 151
1 89
1 110
1 102
1 62
1 134
1 38
1 81
1 105
1 49
1 177
1 156
1 92
1 142
1 108
1 129
1 158
1 149
1 48
1 33
1 10
1 163
1 120
1 13
1 26
1 70
1 63
1 104
1 137
1 133
1 125
1 76
1 22
1 164
1 136
1 66
1 74
1 80
1 28
1 144
1 173
1 11
1 139
1 119
1 91
1 65
1 100
1 2
1 170
1 31
1 40
1 75
1 87
1 3
1 84
1 68
1 99
1 172
1 165
1 19
1 56
1 20
1 171
1 58
1 16
1 39
1 60
1 8
1 29
1 61
1 45
1 47
1 180
1 123
1 160
167 177
167 173
167 170
167 172
167 171
167 180
109 152
109 153
109 146
109 151
109 110
109 134
109 177
109 156
109 142
109 129
109 158
109 149
109 163
109 120
109 137
109 133
109 125
109 164
109 136
109 144
109 173
109 139
109 119
109 170
109 172
109 165
109 171
109 180
109 123
109 160
109 167
103 152
103 153
103 146
103 151
103 110
103 134
103 105
103 177
103 156
103 142
103 108
103 129
103 158
103 149
103 163
103 120
103 104
103 137
103 133
103 125
103 164
103 136
103 144
103 173
103 139
103 119
103 170
103 172
103 165
103 171
103 180
103 123
103 160
103 167
103 109
179 180
54 55
54 152
54 97
54 83
54 153
54 93
54 146
54 88
54 59
54 151
54 89
54 110
54 102
54 62
54 134
54 81
54 105
54 177
54 156
54 92
54 142
54 108
54 129
54 158
54 149
54 163
54 120
54 70
54 63
54 104
54 137
54 133
54 125
54 76
54 164
54 136
54 66
54 74
54 80
54 144
54 173
54 139
54 119
54 91
54 65
54 100
54 170
54 75
54 87
54 84
54 68
54 99
54 172
54 165
54 56
54 171
54 58
54 60
54 61
54 180
54 123
54 160
54 167
54 109
54 103
54 179
15 55
15 152
15 27
15 97
15 83
15 46
15 153
15 93
15 34
15 146
15 43
15 88
15 59
15 50
15 151
15 89
15 110
15 102
15 62
15 134
15 38
15 81
15 105
15 49
15 177
15 156
15 92
15 142
15 108
15 129
15 158
15 149
15 48
15 33
15 163
15 120
15 26
15 70
15 63
15 104
15 137
15 133
15 125
15 76
15 22
15 164
15 136
15 66
15 74
15 80
15 28
15 144
15 173
15 139
15 119
15 91
15 65
15 100
15 170
15 31
15 40
15 75
15 87
15 84
15 68
15 99
15 172
15 165
15 19
15 56
15 20
15 171
15 58
15 16
15 39
15 60
15 29
15 61
15 45
15 47
15 180
15 123
15 160
15 167
15 109
15 103
15 179
15 54
147 152
147 153
147 151
147 177
147 156
147 158
147 149
147 163
147 164
147 173
147 170
147 172
147 165
147 171
147 180
147 160
147 167
147 179
5 55
5 7
5 152
5 27
5 97
5 83
5 46
5 153
5 93
5 34
5 146
5 9
5 43
5 88
5 59
5 6
5 50
5 151
5 89
5 110
5 102
5 62
5 134
5 38
5 81
5 105
5 49
5 177
5 156
5 92
5 142
5 108
5 129
5 158
5 149
5 48
5 33
5 10
5 163
5 120
5 13
5 26
5 70
5 63
5 104
5 137
5 133
5 125
5 76
5 22
5 164
5 136
5 66
5 74
5 80
5 28
5 144
5 173
5 11
5 139
5 119
5 91
5 65
5 100
5 170
5 31
5 40
5 75
5 87
5 84
5 68
5 99
5 172
5 165
5 19
5 56
5 20
5 171
5 58
5 16
5 39
5 60
5 8
5 29
5 61
5 45
5 47
5 180
5 123
5 160
5 167
5 109
5 103
5 179
5 54
5 15
5 147
135 152
135 153
135 146
135 151
135 177
135 156
135 142
135 158
135 149
135 163
135 137
135 164
135 136
135 144
135 173
135 139
135 170
135 172
135 165
135 171
135 180
135 160
135 167
135 179
135 147
4 55
4 7
4 152
4 27
4 97
4 83
4 46
4 153
4 93
4 34
4 146
4 9
4 43
4 88
4 59
4 6
4 50
4 151
4 89
4 110
4 102
4 62
4 134
4 38
4 81
4 105
4 49
4 177
4 156
4 92
4 142
4 108
4 129
4 158
4 149
4 48
4 33
4 10
4 163
4 120
4 13
4 26
4 70
4 63
4 104
4 137
4 133
4 125
4 76
4 22
4 164
4 136
4 66
4 74
4 80
4 28
4 144
4 173
4 11
4 139
4 119
4 91
4 65
4 100
4 170
4 31
4 40
4 75
4 87
4 84
4 68
4 99
4 172
4 165
4 19
4 56
4 20
4 171
4 58
4 16
4 39
4 60
4 8
4 29
4 61
4 45
4 47
4 180
4 123
4 160
4 167
4 109
4 103
4 179
4 54
4 15
4 147
4 5
4 135
17 55
17 152
17 27
17 97
17 83
17 46
17 153
17 93
17 34
17 146
17 43
17 88
17 59
17 50
17 151
17 89
17 110
17 102
17 62
17 134
17 38
17 81
17 105
17 49
17 177
17 156
17 92
17 142
17 108
17 129
17 158
17 149
17 48
17 33
17 163
17 120
17 26
17 70
17 63
17 104
17 137
17 133
17 125
17 76
17 22
17 164
17 136
17 66
17 74
17 80
17 28
17 144
17 173
17 139
17 119
17 91
17 65
17 100
17 170
17 31
17 40
17 75
17 87
17 84
17 68
17 99
17 172
17 165
17 19
17 56
17 20
17 171
17 58
17 39
17 60
17 29
17 61
17 45
17 47
17 180
17 123
17 160
17 167
17 109
17 103
17 179
17 54
17 147
17 135
17 182
41 55
41 152
41 97
41 83
41 46
41 153
41 93
41 146
41 43
41 88
41 59
41 50
41 151
41 89
41 110
41 102
41 62
41 134
41 81
41 105
41 49
41 177
41 156
41 92
41 142
41 108
41 129
41 158
41 149
41 48
41 163
41 120
41 70
41 63
41 104
41 137
41 133
41 125
41 76
41 164
41 136
41 66
41 74
41 80
41 144
41 173
41 139
41 119
41 91
41 65
41 100
41 170
41 75
41 87
41 84
41 68
41 99
41 172
41 165
41 56
41 171
41 58
41 60
41 61
41 45
41 47
41 180
41 123
41 160
41 167
41 109
41 103
41 179
41 54
41 147
41 135
41 182
64 152
64 97
64 83
64 153
64 93
64 146
64 88
64 151
64 89
64 110
64 102
64 134
64 81
64 105
64 177
64 156
64 92
64 142
64 108
64 129
64 158
64 149
64 163
64 120
64 70
64 104
64 137
64 133
64 125
64 76
64 164
64 136
64 66
64 74
64 80
64 144
64 173
64 139
64 119
64 91
64 65
64 100
64 170
64 75
64 87
64 84
64 68
64 99
64 172
64 165
64 171
64 180
64 123
64 160
64 167
64 109
64 103
64 179
64 147
64 135
64 182
101 152
101 153
101 146
101 151
101 110
101 102
101 134
101 105
101 177
101 156
101 142
101 108
101 129
101 158
101 149
101 163
101 120
101 104
101 137
101 133
101 125
101 164
101 136
101 144
101 173
101 139
101 119
101 170
101 172
101 165
101 171
101 180
101 123
101 160
101 167
101 109
101 103
101 179
101 147
101 135
101 182
130 152
130 153
130 146
130 151
130 134
130 177
130 156
130 142
130 158
130 149
130 163
130 137
130 133
130 164
130 136
130 144
130 173
130 139
130 170
130 172
130 165
130 171
130 180
130 160
130 167
130 179
130 147
130 135
130 182
155 177
155 156
155 158
155 163
155 164
155 173
155 170
155 172
155 165
155 171
155 180
155 160
155 167
155 179
155 182
111 152
111 153
111 146
111 151
111 134
111 177
111 156
111 142
111 129
111 158
111 149
111 163
111 120
111 137
111 133
111 125
111 164
111 136
111 144
111 173
111 139
111 119
111 170
111 172
111 165
111 171
111 180
111 123
111 160
111 167
111 179
111 147
111 135
111 182
111 130
111 155
143 152
143 153
143 146
143 151
143 177
143 156
143 158
143 149
143 163
143 164
143 144
143 173
143 170
143 172
143 165
143 171
143 180
143 160
143 167
143 179
143 147
143 182
143 155
148 152
148 153
148 151
148 177
148 156
148 158
148 149
148 163
148 164
148 173
148 170
148 172
148 165
148 171
148 180
148 160
148 167
148 179
148 182
148 155
132 152
132 153
132 146
132 151
132 134
132 177
132 156
132 142
132 158
132 149
132 163
132 137
132 133
132 164
132 136
132 144
132 173
132 139
132 170
132 172
132 165
132 171
132 180
132 160
132 167
132 179
132 147
132 135
132 182
132 155
132 143
132 148
141 152
141 153
141 146
141 151
141 177
141 156
141 142
141 158
141 149
141 163
141 164
141 144
141 173
141 170
141 172
141 165
141 171
141 180
141 160
141 167
141 179
141 147
141 182
141 155
141 143
141 148
51 55
51 152
51 97
51 83
51 153
51 93
51 146
51 88
51 59
51 151
51 89
51 110
51 102
51 62
51 134
51 81
51 105
51 177
51 156
51 92
51 142
51 108
51 129
51 158
51 149
51 163
51 120
51 70
51 63
51 104
51 137
51 133
51 125
51 76
51 164
51 136
51 66
51 74
51 80
51 144
51 173
51 139
51 119
51 91
51 65
51 100
51 170
51 75
51 87
51 84
51 68
51 99
51 172
51 165
51 56
51 171
51 58
51 60
51 61
51 180
51 123
51 160
51 167
51 109
51 103
51 179
51 54
51 147
51 135
51 182
51 64
51 101
51 130
51 155
51 111
51 143
51 148
51 132
51 141
21 55
21 152
21 27
21 97
21 83
21 46
21 153
21 93
21 34
21 146
21 43
21 88
21 59
21 50
21 151
21 89
21 110
21 102
21 62
21 134
21 38
21 81
21 105
21 49
21 177
21 156
21 92
21 142
21 108
21 129
21 158
21 149
21 48
21 33
21 163
21 120
21 26
21 70
21 63
21 104
21 137
21 133
21 125
21 76
21 22
21 164
21 136
21 66
21 74
21 80
21 28
21 144
21 173
21 139
21 119
21 91
21 65
21 100
21 170
21 31
21 40
21 75
21 87
21 84
21 68
21 99
21 172
21 165
21 56
21 171
21 58
21 39
21 60
21 29
21 61
21 45
21 47
21 180
21 123
21 160
21 167
21 109
21 103
21 179
21 54
21 147
21 135
21 182
21 41
21 64
21 101
21 130
21 155
21 111
21 143
21 148
21 132
21 141
21 51
128 152
128 153
128 146
128 151
128 134
128 177
128 156
128 142
128 129
128 158
128 149
128 163
128 137
128 133
128 164
128 136
128 144
128 173
128 139
128 170
128 172
128 165
128 171
128 180
128 160
128 167
128 179
128 147
128 135
128 182
128 130
128 155
128 143
128 148
128 132
128 141
175 177
175 180
175 179
175 182
114 152
114 153
114 146
114 151
114 134
114 177
114 156
114 142
114 129
114 158
114 149
114 163
114 120
114 137
114 133
114 125
114 164
114 136
114 144
114 173
114 139
114 119
114 170
114 172
114 165
114 171
114 180
114 123
114 160
114 167
114 179
114 147
114 135
114 182
114 130
114 155
114 143
114 148
114 132
114 141
114 128
114 175
126 152
126 153
126 146
126 151
126 134
126 177
126 156
126 142
126 129
126 158
126 149
126 163
126 137
126 133
126 164
126 136
126 144
126 173
126 139
126 170
126 172
126 165
126 171
126 180
126 160
126 167
126 179
126 147
126 135
126 182
126 130
126 155
126 143
126 148
126 132
126 141
126 128
126 175
178 180
178 179
178 182
52 55
52 152
52 97
52 83
52 153
52 93
52 146
52 88
52 59
52 151
52 89
52 110
52 102
52 62
52 134
52 81
52 105
52 177
52 156
52 92
52 142
52 108
52 129
52 158
52 149
52 163
52 120
52 70
52 63
52 104
52 137
52 133
52 125
52 76
52 164
52 136
52 66
52 74
52 80
52 144
52 173
52 139
52 119
52 91
52 65
52 100
52 170
52 75
52 87
52 84
52 68
52 99
52 172
52 165
52 56
52 171
52 58
52 60
52 61
52 180
52 123
52 160
52 167
52 109
52 103
52 179
52 54
52 147
52 135
52 182
52 64
52 101
52 130
52 155
52 111
52 143
52 148
52 132
52 141
52 128
52 175
52 114
52 126
52 178
67 152
67 97
67 83
67 153
67 93
67 146
67 88
67 151
67 89
67 110
67 102
67 134
67 81
67 105
67 177
67 156
67 92
67 142
67 108
67 129
67 158
67 149
67 163
67 120
67 70
67 104
67 137
67 133
67 125
67 76
67 164
67 136
67 74
67 80
67 144
67 173
67 139
67 119
67 91
67 100
67 170
67 75
67 87
67 84
67 68
67 99
67 172
67 165
67 171
67 180
67 123
67 160
67 167
67 109
67 103
67 179
67 147
67 135
67 182
67 101
67 130
67 155
67 111
67 143
67 148
67 132
67 141
67 128
67 175
67 114
67 126
67 178
57 152
57 97
57 83
57 153
57 93
57 146
57 88
57 59
57 151
57 89
57 110
57 102
57 62
57 134
57 81
57 105
57 177
57 156
57 92
57 142
57 108
57 129
57 158
57 149
57 163
57 120
57 70
57 63
57 104
57 137
57 133
57 125
57 76
57 164
57 136
57 66
57 74
57 80
57 144
57 173
57 139
57 119
57 91
57 65
57 100
57 170
57 75
57 87
57 84
57 68
57 99
57 172
57 165
57 171
57 58
57 60
57 61
57 180
57 123
57 160
57 167
57 109
57 103
57 179
57 147
57 135
57 182
57 64
57 101
57 130
57 155
57 111
57 143
57 148
57 132
57 141
57 128
57 175
57 114
57 126
57 178
57 67
23 55
23 152
23 27
23 97
23 83
23 46
23 153
23 93
23 34
23 146
23 43
23 88
23 59
23 50
23 151
23 89
23 110
23 102
23 62
23 134
23 38
23 81
23 105
23 49
23 177
23 156
23 92
23 142
23 108
23 129
23 158
23 149
23 48
23 33
23 163
23 120
23 26
23 70
23 63
23 104
23 137
23 133
23 125
23 76
23 164
23 136
23 66
23 74
23 80
23 28
23 144
23 173
23 139
23 119
23 91
23 65
23 100
23 170
23 31
23 40
23 75
23 87
23 84
23 68
23 99
23 172
23 165
23 56
23 171
23 58
23 39
23 60
23 29
23 61
23 45
23 47
23 180
23 123
23 160
23 167
23 109
23 103
23 179
23 54
23 147
23 135
23 182
23 41
23 64
23 101
23 130
23 155
23 111
23 143
23 148
23 132
23 141
23 51
23 128
23 175
23 114
23 126
23 178
23 52
23 67
23 57
78 152
78 97
78 83
78 153
78 93
78 146
78 88
78 151
78 89
78 110
78 102
78 134
78 81
78 105
78 177
78 156
78 92
78 142
78 108
78 129
78 158
78 149
78 163
78 120
78 104
78 137
78 133
78 125
78 164
78 136
78 80
78 144
78 173
78 139
78 119
78 91
78 100
78 170
78 87
78 84
78 99
78 172
78 165
78 171
78 180
78 123
78 160
78 167
78 109
78 103
78 179
78 147
78 135
78 182
78 101
78 130
78 155
78 111
78 143
78 148
78 132
78 141
78 128
78 175
78 114
78 126
78 178
121 152
121 153
121 146
121 151
121 134
121 177
121 156
121 142
121 129
121 158
121 149
121 163
121 137
121 133
121 125
121 164
121 136
121 144
121 173
121 139
121 170
121 172
121 165
121 171
121 180
121 123
121 160
121 167
121 179
121 147
121 135
121 182
121 130
121 155
121 143
121 148
121 132
121 141
121 128
121 175
121 126
121 178
117 152
117 153
117 146
117 151
117 134
117 177
117 156
117 142
117 129
117 158
117 149
117 163
117 120
117 137
117 133
117 125
117 164
117 136
117 144
117 173
117 139
117 119
117 170
117 172
117 165
117 171
117 180
117 123
117 160
117 167
117 179
117 147
117 135
117 182
117 130
117 155
117 143
117 148
117 132
117 141
117 128
117 175
117 126
117 178
117 121
86 152
86 97
86 153
86 93
86 146
86 88
86 151
86 89
86 110
86 102
86 134
86 105
86 177
86 156
86 92
86 142
86 108
86 129
86 158
86 149
86 163
86 120
86 104
86 137
86 133
86 125
86 164
86 136
86 144
86 173
86 139
86 119
86 91
86 100
86 170
86 87
86 99
86 172
86 165
86 171
86 180
86 123
86 160
86 167
86 109
86 103
86 179
86 147
86 135
86 182
86 101
86 130
86 155
86 111
86 143
86 148
86 132
86 141
86 128
86 175
86 114
86 126
86 178
86 121
86 117
35 55
35 152
35 97
35 83
35 46
35 153
35 93
35 146
35 43
35 88
35 59
35 50
35 151
35 89
35 110
35 102
35 62
35 134
35 38
35 81
35 105
35 49
35 177
35 156
35 92
35 142
35 108
35 129
35 158
35 149
35 48
35 163
35 120
35 70
35 63
35 104
35 137
35 133
35 125
35 76
35 164
35 136
35 66
35 74
35 80
35 144
35 173
35 139
35 119
35 91
35 65
35 100
35 170
35 40
35 75
35 87
35 84
35 68
35 99
35 172
35 165
35 56
35 171
35 58
35 39
35 60
35 61
35 45
35 47
35 180
35 123
35 160
35 167
35 109
35 103
35 179
35 54
35 147
35 135
35 182
35 41
35 64
35 101
35 130
35 155
35 111
35 143
35 148
35 132
35 141
35 51
35 128
35 175
35 114
35 126
35 178
35 52
35 67
35 57
35 78
35 121
35 117
35 86
113 152
113 153
113 146
113 151
113 134
113 177
113 156
113 142
113 129
113 158
113 149
113 163
113 120
113 137
113 133
113 125
113 164
113 136
113 144
113 173
113 139
113 119
113 170
113 172
113 165
113 171
113 180
113 123
113 160
113 167
113 179
113 147
113 135
113 182
113 130
113 155
113 143
113 148
113 132
113 141
113 128
113 175
113 114
113 126
113 178
113 121
113 117
162 177
162 163
162 164
162 173
162 170
162 172
162 165
162 171
162 180
162 167
162 179
162 182
162 175
162 178
32 55
32 152
32 97
32 83
32 46
32 153
32 93
32 34
32 146
32 43
32 88
32 59
32 50
32 151
32 89
32 110
32 102
32 62
32 134
32 38
32 81
32 105
32 49
32 177
32 156
32 92
32 142
32 108
32 129
32 158
32 149
32 48
32 33
32 163
32 120
32 70
32 63
32 104
32 137
32 133
32 125
32 76
32 164
32 136
32 66
32 74
32 80
32 144
32 173
32 139
32 119
32 91
32 65
32 100
32 170
32 40
32 75
32 87
32 84
32 68
32 99
32 172
32 165
32 56
32 171
32 58
32 39
32 60
32 61
32 45
32 47
32 180
32 123
32 160
32 167
32 109
32 103
32 179
32 54
32 147
32 135
32 182
32 41
32 64
32 101
32 130
32 155
32 111
32 143
32 148
32 132
32 141
32 51
32 128
32 175
32 114
32 126
32 178
32 52
32 67
32 57
32 78
32 121
32 117
32 86
32 35
32 113
32 162
168 177
168 173
168 170
168 172
168 171
168 180
168 179
168 182
168 175
168 178
169 177
169 173
169 170
169 172
169 171
169 180
169 179
169 182
169 175
169 178
71 152
71 97
71 83
71 153
71 93
71 146
71 88
71 151
71 89
71 110
71 102
71 134
71 81
71 105
71 177
71 156
71 92
71 142
71 108
71 129
71 158
71 149
71 163
71 120
71 104
71 137
71 133
71 125
71 76
71 164
71 136
71 74
71 80
71 144
71 173
71 139
71 119
71 91
71 100
71 170
71 75
71 87
71 84
71 99
71 172
71 165
71 171
71 180
71 123
71 160
71 167
71 109
71 103
71 179
71 147
71 135
71 182
71 101
71 130
71 155
71 111
71 143
71 148
71 132
71 141
71 128
71 175
71 114
71 126
71 178
71 78
71 121
71 117
71 86
71 113
71 162
71 168
71 169
30 55
30 152
30 97
30 83
30 46
30 153
30 93
30 34
30 146
30 43
30 88
30 59
30 50
30 151
30 89
30 110
30 102
30 62
30 134
30 38
30 81
30 105
30 49
30 177
30 156
30 92
30 142
30 108
30 129
30 158
30 149
30 48
30 33
30 163
30 120
30 70
30 63
30 104
30 137
30 133
30 125
30 76
30 164
30 136
30 66
30 74
30 80
30 144
30 173
30 139
30 119
30 91
30 65
30 100
30 170
30 31
30 40
30 75
30 87
30 84
30 68
30 99
30 172
30 165
30 56
30 171
30 58
30 39
30 60
30 61
30 45
30 47
30 180
30 123
30 160
30 167
30 109
30 103
30 179
30 54
30 147
30 135
30 182
30 41
30 64
30 101
30 130
30 155
30 111
30 143
30 148
30 132
30 141
30 51
30 128
30 175
30 114
30 126
30 178
30 52
30 67
30 57
30 78
30 121
30 117
30 86
30 35
30 113
30 162
30 32
30 168
30 169
30 71
127 152
127 153
127 146
127 151
127 134
127 177
127 156
127 142
127 129
127 158
127 149
127 163
127 137
127 133
127 164
127 136
127 144
127 173
127 139
127 170
127 172
127 165
127 171
127 180
127 160
127 167
127 179
127 147
127 135
127 182
127 130
127 155
127 143
127 148
127 132
127 141
127 128
127 175
127 178
127 162
127 168
127 169
12 55
12 152
12 27
12 97
12 83
12 46
12 153
12 93
12 34
12 146
12 43
12 88
12 59
12 50
12 151
12 89
12 110
12 102
12 62
12 134
12 38
12 81
12 105
12 49
12 177
12 156
12 92
12 142
12 108
12 129
12 158
12 149
12 48
12 33
12 163
12 120
12 13
12 26
12 70
12 63
12 104
12 137
12 133
12 125
12 76
12 22
12 164
12 136
12 66
12 74
12 80
12 28
12 144
12 173
12 139
12 119
12 91
12 65
12 100
12 170
12 31
12 40
12 75
12 87
12 84
12 68
12 99
12 172
12 165
12 19
12 56
12 20
12 171
12 58
12 16
12 39
12 60
12 29
12 61
12 45
12 47
12 180
12 123
12 160
12 167
12 109
12 103
12 179
12 54
12 15
12 147
12 135
12 182
12 17
12 41
12 64
12 101
12 130
12 155
12 111
12 143
12 148
12 132
12 141
12 51
12 21
12 128
12 175
12 114
12 126
12 178
12 52
12 67
12 57
12 23
12 78
12 121
12 117
12 86
12 35
12 113
12 162
12 32
12 168
12 169
12 71
12 30
12 127
140 152
140 153
140 146
140 151
140 177
140 156
140 142
140 158
140 149
140 163
140 164
140 144
140 173
140 170
140 172
140 165
140 171
140 180
140 160
140 167
140 179
140 147
140 182
140 155
140 143
140 148
140 141
140 175
140 178
140 162
140 168
140 169
42 55
42 152
42 97
42 83
42 46
42 153
42 93
42 146
42 43
42 88
42 59
42 50
42 151
42 89
42 110
42 102
42 62
42 134
42 81
42 105
42 49
42 177
42 156
42 92
42 142
42 108
42 129
42 158
42 149
42 48
42 163
42 120
42 70
42 63
42 104
42 137
42 133
42 125
42 76
42 164
42 136
42 66
42 74
42 80
42 144
42 173
42 139
42 119
42 91
42 65
42 100
42 170
42 75
42 87
42 84
42 68
42 99
42 172
42 165
42 56
42 171
42 58
42 60
42 61
42 45
42 47
42 180
42 123
42 160
42 167
42 109
42 103
42 179
42 54
42 147
42 135
42 182
42 64
42 101
42 130
42 155
42 111
42 143
42 148
42 132
42 141
42 51
42 128
42 175
42 114
42 126
42 178
42 52
42 67
42 57
42 78
42 121
42 117
42 86
42 113
42 162
42 168
42 169
42 71
42 127
42 140
72 152
72 97
72 83
72 153
72 93
72 146
72 88
72 151
72 89
72 110
72 102
72 134
72 81
72 105
72 177
72 156
72 92
72 142
72 108
72 129
72 158
72 149
72 163
72 120
72 104
72 137
72 133
72 125
72 76
72 164
72 136
72 74
72 80
72 144
72 173
72 139
72 119
72 91
72 100
72 170
72 75
72 87
72 84
72 99
72 172
72 165
72 171
72 180
72 123
72 160
72 167
72 109
72 103
72 179
72 147
72 135
72 182
72 101
72 130
72 155
72 111
72 143
72 148
72 132
72 141
72 128
72 175
72 114
72 126
72 178
72 78
72 121
72 117
72 86
72 113
72 162
72 168
72 169
72 127
72 140
36 55
36 152
36 97
36 83
36 46
36 153
36 93
36 146
36 43
36 88
36 59
36 50
36 151
36 89
36 110
36 102
36 62
36 134
36 38
36 81
36 105
36 49
36 177
36 156
36 92
36 142
36 108
36 129
36 158
36 149
36 48
36 163
36 120
36 70
36 63
36 104
36 137
36 133
36 125
36 76
36 164
36 136
36 66
36 74
36 80
36 144
36 173
36 139
36 119
36 91
36 65
36 100
36 170
36 40
36 75
36 87
36 84
36 68
36 99
36 172
36 165
36 56
36 171
36 58
36 39
36 60
36 61
36 45
36 47
36 180
36 123
36 160
36 167
36 109
36 103
36 179
36 54
36 147
36 135
36 182
36 41
36 64
36 101
36 130
36 155
36 111
36 143
36 148
36 132
36 141
36 51
36 128
36 175
36 114
36 126
36 178
36 52
36 67
36 57
36 78
36 121
36 117
36 86
36 113
36 162
36 168
36 169
36 71
36 127
36 140
36 42
36 72
85 152
85 97
85 153
85 93
85 146
85 88
85 151
85 89
85 110
85 102
85 134
85 105
85 177
85 156
85 92
85 142
85 108
85 129
85 158
85 149
85 163
85 120
85 104
85 137
85 133
85 125
85 164
85 136
85 144
85 173
85 139
85 119
85 91
85 100
85 170
85 87
85 99
85 172
85 165
85 171
85 180
85 123
85 160
85 167
85 109
85 103
85 179
85 147
85 135
85 182
85 101
85 130
85 155
85 111
85 143
85 148
85 132
85 141
85 128
85 175
85 114
85 126
85 178
85 121
85 117
85 86
85 113
85 162
85 168
85 169
85 127
85 140
37 55
37 152
37 97
37 83
37 46
37 153
37 93
37 146
37 43
37 88
37 59
37 50
37 151
37 89
37 110
37 102
37 62
37 134
37 38
37 81
37 105
37 49
37 177
37 156
37 92
37 142
37 108
37 129
37 158
37 149
37 48
37 163
37 120
37 70
37 63
37 104
37 137
37 133
37 125
37 76
37 164
37 136
37 66
37 74
37 80
37 144
37 173
37 139
37 119
37 91
37 65
37 100
37 170
37 40
37 75
37 87
37 84
37 68
37 99
37 172
37 165
37 56
37 171
37 58
37 39
37 60
37 61
37 45
37 47
37 180
37 123
37 160
37 167
37 109
37 103
37 179
37 54
37 147
37 135
37 182
37 41
37 64
37 101
37 130
37 155
37 111
37 143
37 148
37 132
37 141
37 51
37 128
37 175
37 114
37 126
37 178
37 52
37 67
37 57
37 78
37 121
37 117
37 86
37 113
37 162
37 168
37 169
37 71
37 127
37 140
37 42
37 72
37 85
44 55
44 152
44 97
44 83
44 46
44 153
44 93
44 146
44 88
44 59
44 50
44 151
44 89
44 110
44 102
44 62
44 134
44 81
44 105
44 49
44 177
44 156
44 92
44 142
44 108
44 129
44 158
44 149
44 48
44 163
44 120
44 70
44 63
44 104
44 137
44 133
44 125
44 76
44 164
44 136
44 66
44 74
44 80
44 144
44 173
44 139
44 119
44 91
44 65
44 100
44 170
44 75
44 87
44 84
44 68
44 99
44 172
44 165
44 56
44 171
44 58
44 60
44 61
44 45
44 47
44 180
44 123
44 160
44 167
44 109
44 103
44 179
44 54
44 147
44 135
44 182
44 64
44 101
44 130
44 155
44 111
44 143
44 148
44 132
44 141
44 51
44 128
44 175
44 114
44 126
44 178
44 52
44 67
44 57
44 78
44 121
44 117
44 86
44 113
44 162
44 168
44 169
44 71
44 127
44 140
44 72
44 85
174 177
174 180
174 179
174 182
174 175
174 178
154 177
154 156
154 158
154 163
154 164
154 173
154 170
154 172
154 165
154 171
154 180
154 160
154 167
154 179
154 182
154 155
154 175
154 178
154 162
154 168
154 169
154 174
95 152
95 97
95 153
95 146
95 151
95 110
95 102
95 134
95 105
95 177
95 156
95 142
95 108
95 129
95 158
95 149
95 163
95 120
95 104
95 137
95 133
95 125
95 164
95 136
95 144
95 173
95 139
95 119
95 100
95 170
95 99
95 172
95 165
95 171
95 180
95 123
95 160
95 167
95 109
95 103
95 179
95 147
95 135
95 182
95 101
95 130
95 155
95 111
95 143
95 148
95 132
95 141
95 128
95 175
95 114
95 126
95 178
95 121
95 117
95 113
95 162
95 168
95 169
95 127
95 140
95 174
95 154
159 177
159 163
159 164
159 173
159 170
159 172
159 165
159 171
159 180
159 160
159 167
159 179
159 182
159 175
159 178
159 162
159 168
159 169
159 174
150 152
150 153
150 151
150 177
150 156
150 158
150 163
150 164
150 173
150 170
150 172
150 165
150 171
150 180
150 160
150 167
150 179
150 182
150 155
150 175
150 178
150 162
150 168
150 169
150 174
150 154
150 159
176 177
176 180
176 179
176 182
176 178
157 177
157 158
157 163
157 164
157 173
157 170
157 172
157 165
157 171
157 180
157 160
157 167
157 179
157 182
157 175
157 178
157 162
157 168
157 169
157 174
157 159
157 176
131 152
131 153
131 146
131 151
131 134
131 177
131 156
131 142
131 158
131 149
131 163
131 137
131 133
131 164
131 136
131 144
131 173
131 139
131 170
131 172
131 165
131 171
131 180
131 160
131 167
131 179
131 147
131 135
131 182
131 155
131 143
131 148
131 132
131 141
131 175
131 178
131 162
131 168
131 169
131 140
131 174
131 154
131 159
131 150
131 176
131 157
118 152
118 153
118 146
118 151
118 134
118 177
118 156
118 142
118 129
118 158
118 149
118 163
118 120
118 137
118 133
118 125
118 164
118 136
118 144
118 173
118 139
118 119
118 170
118 172
118 165
118 171
118 180
118 123
118 160
118 167
118 179
118 147
118 135
118 182
118 130
118 155
118 143
118 148
118 132
118 141
118 128
118 175
118 126
118 178
118 121
118 162
118 168
118 169
118 127
118 140
118 174
118 154
118 159
118 150
118 176
118 157
118 131
98 152
98 153
98 146
98 151
98 110
98 102
98 134
98 105
98 177
98 156
98 142
98 108
98 129
98 158
98 149
98 163
98 120
98 104
98 137
98 133
98 125
98 164
98 136
98 144
98 173
98 139
98 119
98 100
98 170
98 99
98 172
98 165
98 171
98 180
98 123
98 160
98 167
98 109
98 103
98 179
98 147
98 135
98 182
98 101
98 130
98 155
98 111
98 143
98 148
98 132
98 141
98 128
98 175
98 114
98 126
98 178
98 121
98 117
98 113
98 162
98 168
98 169
98 127
98 140
98 174
98 154
98 159
98 150
98 176
98 157
98 131
98 118
181 182
107 152
107 153
107 146
107 151
107 110
107 134
107 177
107 156
107 142
107 108
107 129
107 158
107 149
107 163
107 120
107 137
107 133
107 125
107 164
107 136
107 144
107 173
107 139
107 119
107 170
107 172
107 165
107 171
107 180
107 123
107 160
107 167
107 109
107 179
107 147
107 135
107 182
107 130
107 155
107 111
107 143
107 148
107 132
107 141
107 128
107 175
107 114
107 126
107 178
107 121
107 117
107 113
107 162
107 168
107 169
107 127
107 140
107 174
107 154
107 159
107 150
107 176
107 157
107 131
107 118
107 181
79 152
79 97
79 83
79 153
79 93
79 146
79 88
79 151
79 89
79 110
79 102
79 134
79 81
79 105
79 177
79 156
79 92
79 142
79 108
79 129
79 158
79 149
79 163
79 120
79 104
79 137
79 133
79 125
79 164
79 136
79 80
79 144
79 173
79 139
79 119
79 91
79 100
79 170
79 87
79 84
79 99
79 172
79 165
79 171
79 180
79 123
79 160
79 167
79 109
79 103
79 179
79 147
79 135
79 182
79 101
79 130
79 155
79 111
79 143
79 148
79 132
79 141
79 128
79 175
79 114
79 126
79 178
79 121
79 117
79 86
79 113
79 162
79 168
79 169
79 127
79 140
79 85
79 174
79 154
79 95
79 159
79 150
79 176
79 157
79 131
79 118
79 98
79 181
79 107
106 152
106 153
106 146
106 151
106 110
106 134
106 177
106 156
106 142
106 108
106 129
106 158
106 149
106 163
106 120
106 137
106 133
106 125
106 164
106 136
106 144
106 173
106 139
106 119
106 170
106 172
106 165
106 171
106 180
106 123
106 160
106 167
106 109
106 179
106 147
106 135
106 182
106 130
106 155
106 111
106 143
106 148
106 132
106 141
106 128
106 175
106 114
106 126
106 178
106 121
106 117
106 113
106 162
106 168
106 169
106 127
106 140
106 174
106 154
106 159
106 150
106 176
106 157
106 131
106 118
106 181
106 107
115 152
115 153
115 146
115 151
115 134
115 177
115 156
115 142
115 129
115 158
115 149
115 163
115 120
115 137
115 133
115 125
115 164
115 136
115 144
115 173
115 139
115 119
115 170
115 172
115 165
115 171
115 180
115 123
115 160
115 167
115 179
115 147
115 135
115 182
115 130
115 155
115 143
115 148
115 132
115 141
115 128
115 175
115 126
115 178
115 121
115 117
115 162
115 168
115 169
115 127
115 140
115 174
115 154
115 159
115 150
115 176
115 157
115 131
115 118
115 181
138 152
138 153
138 146
138 151
138 177
138 156
138 142
138 158
138 149
138 163
138 164
138 144
138 173
138 139
138 170
138 172
138 165
138 171
138 180
138 160
138 167
138 179
138 147
138 182
138 155
138 143
138 148
138 141
138 175
138 178
138 162
138 168
138 169
138 140
138 174
138 154
138 159
138 150
138 176
138 157
138 181
73 152
73 97
73 83
73 153
73 93
73 146
73 88
73 151
73 89
73 110
73 102
73 134
73 81
73 105
73 177
73 156
73 92
73 142
73 108
73 129
73 158
73 149
73 163
73 120
73 104
73 137
73 133
73 125
73 76
73 164
73 136
73 74
73 80
73 144
73 173
73 139
73 119
73 91
73 100
73 170
73 75
73 87
73 84
73 99
73 172
73 165
73 171
73 180
73 123
73 160
73 167
73 109
73 103
73 179
73 147
73 135
73 182
73 101
73 130
73 155
73 111
73 143
73 148
73 132
73 141
73 128
73 175
73 114
73 126
73 178
73 78
73 121
73 117
73 86
73 113
73 162
73 168
73 169
73 127
73 140
73 85
73 174
73 154
73 95
73 159
73 150
73 176
73 157
73 131
73 118
73 98
73 181
73 107
73 79
73 106
73 115
73 138
18 55
18 152
18 27
18 97
18 83
18 46
18 153
18 93
18 34
18 146
18 43
18 88
18 59
18 50
18 151
18 89
18 110
18 102
18 62
18 134
18 38
18 81
18 105
18 49
18 177
18 156
18 92
18 142
18 108
18 129
18 158
18 149
18 48
18 33
18 163
18 120
18 26
18 70
18 63
18 104
18 137
18 133
18 125
18 76
18 22
18 164
18 136
18 66
18 74
18 80
18 28
18 144
18 173
18 139
18 119
18 91
18 65
18 100
18 170
18 31
18 40
18 75
18 87
18 84
18 68
18 99
18 172
18 165
18 19
18 56
18 20
18 171
18 58
18 39
18 60
18 29
18 61
18 45
18 47
18 180
18 123
18 160
18 167
18 109
18 103
18 179
18 54
18 147
18 135
18 182
18 41
18 64
18 101
18 130
18 155
18 111
18 143
18 148
18 132
18 141
18 51
18 21
18 128
18 175
18 114
18 126
18 178
18 52
18 67
18 57
18 23
18 78
18 121
18 117
18 86
18 35
18 113
18 162
18 32
18 168
18 169
18 71
18 30
18 127
18 140
18 42
18 72
18 36
18 85
18 37
18 44
18 174
18 154
18 95
18 159
18 150
18 176
18 157
18 131
18 118
18 98
18 181
18 107
18 79
18 106
18 115
18 138
18 73
69 152
69 97
69 83
69 153
69 93
69 146
69 88
69 151
69 89
69 110
69 102
69 134
69 81
69 105
69 177
69 156
69 92
69 142
69 108
69 129
69 158
69 149
69 163
69 120
69 70
69 104
69 137
69 133
69 125
69 76
69 164
69 136
69 74
69 80
69 144
69 173
69 139
69 119
69 91
69 100
69 170
69 75
69 87
69 84
69 99
69 172
69 165
69 171
69 180
69 123
69 160
69 167
69 109
69 103
69 179
69 147
69 135
69 182
69 101
69 130
69 155
69 111
69 143
69 148
69 132
69 141
69 128
69 175
69 114
69 126
69 178
69 78
69 121
69 117
69 86
69 113
69 162
69 168
69 169
69 71
69 127
69 140
69 72
69 85
69 174
69 154
69 95
69 159
69 150
69 176
69 157
69 131
69 118
69 98
69 181
69 107
69 79
69 106
69 115
69 138
69 73
24 55
24 152
24 27
24 97
24 83
24 46
24 153
24 93
24 34
24 146
24 43
24 88
24 59
24 50
24 151
24 89
24 110
24 102
24 62
24 134
24 38
24 81
24 105
24 49
24 177
24 156
24 92
24 142
24 108
24 129
24 158
24 149
24 48
24 33
24 163
24 120
24 26
24 70
24 63
24 104
24 137
24 133
24 125
24 76
24 164
24 136
24 66
24 74
24 80
24 28
24 144
24 173
24 139
24 119
24 91
24 65
24 100
24 170
24 31
24 40
24 75
24 87
24 84
24 68
24 99
24 172
24 165
24 56
24 171
24 58
24 39
24 60
24 29
24 61
24 45
24 47
24 180
24 123
24 160
24 167
24 109
24 103
24 179
24 54
24 147
24 135
24 182
24 41
24 64
24 101
24 130
24 155
24 111
24 143
24 148
24 132
24 141
24 51
24 128
24 175
24 114
24 126
24 178
24 52
24 67
24 57
24 78
24 121
24 117
24 86
24 35
24 113
24 162
24 32
24 168
24 169
24 71
24 30
24 127
24 140
24 42
24 72
24 36
24 85
24 37
24 44
24 174
24 154
24 95
24 159
24 150
24 176
24 157
24 131
24 118
24 98
24 181
24 107
24 79
24 106
24 115
24 138
24 73
24 69
14 55
14 152
14 27
14 97
14 83
14 46
14 153
14 93
14 34
14 146
14 43
14 88
14 59
14 50
14 151
14 89
14 110
14 102
14 62
14 134
14 38
14 81
14 105
14 49
14 177
14 156
14 92
14 142
14 108
14 129
14 158
14 149
14 48
14 33
14 163
14 120
14 26
14 70
14 63
14 104
14 137
14 133
14 125
14 76
14 22
14 164
14 136
14 66
14 74
14 80
14 28
14 144
14 173
14 139
14 119
14 91
14 65
14 100
14 170
14 31
14 40
14 75
14 87
14 84
14 68
14 99
14 172
14 165
14 19
14 56
14 20
14 171
14 58
14 16
14 39
14 60
14 29
14 61
14 45
14 47
14 180
14 123
14 160
14 167
14 109
14 103
14 179
14 54
14 15
14 147
14 135
14 182
14 17
14 41
14 64
14 101
14 130
14 155
14 111
14 143
14 148
14 132
14 141
14 51
14 21
14 128
14 175
14 114
14 126
14 178
14 52
14 67
14 57
14 23
14 78
14 121
14 117
14 86
14 35
14 113
14 162
14 32
14 168
14 169
14 71
14 30
14 127
14 140
14 42
14 72
14 36
14 85
14 37
14 44
14 174
14 154
14 95
14 159
14 150
14 176
14 157
14 131
14 118
14 98
14 181
14 107
14 79
14 106
14 115
14 138
14 73
14 18
14 69
14 24
145 152
145 153
145 146
145 151
145 177
145 156
145 158
145 149
145 163
145 164
145 173
145 170
145 172
145 165
145 171
145 180
145 160
145 167
145 179
145 147
145 182
145 155
145 148
145 175
145 178
145 162
145 168
145 169
145 174
145 154
145 159
145 150
145 176
145 157
145 181
161 177
161 163
161 164
161 173
161 170
161 172
161 165
161 171
161 180
161 167
161 179
161 182
161 175
161 178
161 162
161 168
161 169
161 174
161 176
161 181
53 55
53 152
53 97
53 83
53 153
53 93
53 146
53 88
53 59
53 151
53 89
53 110
53 102
53 62
53 134
53 81
53 105
53 177
53 156
53 92
53 142
53 108
53 129
53 158
53 149
53 163
53 120
53 70
53 63
53 104
53 137
53 133
53 125
53 76
53 164
53 136
53 66
53 74
53 80
53 144
53 173
53 139
53 119
53 91
53 65
53 100
53 170
53 75
53 87
53 84
53 68
53 99
53 172
53 165
53 56
53 171
53 58
53 60
53 61
53 180
53 123
53 160
53 167
53 109
53 103
53 179
53 54
53 147
53 135
53 182
53 64
53 101
53 130
53 155
53 111
53 143
53 148
53 132
53 141
53 128
53 175
53 114
53 126
53 178
53 67
53 57
53 78
53 121
53 117
53 86
53 113
53 162
53 168
53 169
53 71
53 127
53 140
53 72
53 85
53 174
53 154
53 95
53 159
53 150
53 176
53 157
53 131
53 118
53 98
53 181
53 107
53 79
53 106
53 115
53 138
53 73
53 69
53 145
53 161
116 152
116 153
116 146
116 151
116 134
116 177
116 156
116 142
116 129
116 158
116 149
116 163
116 120
116 137
116 133
116 125
116 164
116 136
116 144
116 173
116 139
116 119
116 170
116 172
116 165
116 171
116 180
116 123
116 160
116 167
116 179
116 147
116 135
116 182
116 130
116 155
116 143
116 148
116 132
116 141
116 128
116 175
116 126
116 178
116 121
116 117
116 162
116 168
116 169
116 127
116 140
116 174
116 154
116 159
116 150
116 176
116 157
116 131
116 118
116 181
116 138
116 145
116 161
96 152
96 97
96 153
96 146
96 151
96 110
96 102
96 134
96 105
96 177
96 156
96 142
96 108
96 129
96 158
96 149
96 163
96 120
96 104
96 137
96 133
96 125
96 164
96 136
96 144
96 173
96 139
96 119
96 100
96 170
96 99
96 172
96 165
96 171
96 180
96 123
96 160
96 167
96 109
96 103
96 179
96 147
96 135
96 182
96 101
96 130
96 155
96 111
96 143
96 148
96 132
96 141
96 128
96 175
96 114
96 126
96 178
96 121
96 117
96 113
96 162
96 168
96 169
96 127
96 140
96 174
96 154
96 159
96 150
96 176
96 157
96 131
96 118
96 98
96 181
96 107
96 106
96 115
96 138
96 145
96 161
96 116
94 152
94 97
94 153
94 146
94 151
94 110
94 102
94 134
94 105
94 177
94 156
94 142
94 108
94 129
94 158
94 149
94 163
94 120
94 104
94 137
94 133
94 125
94 164
94 136
94 144
94 173
94 139
94 119
94 100
94 170
94 99
94 172
94 165
94 171
94 180
94 123
94 160
94 167
94 109
94 103
94 179
94 147
94 135
94 182
94 101
94 130
94 155
94 111
94 143
94 148
94 132
94 141
94 128
94 175
94 114
94 126
94 178
94 121
94 117
94 113
94 162
94 168
94 169
94 127
94 140
94 174
94 154
94 95
94 159
94 150
94 176
94 157
94 131
94 118
94 98
94 181
94 107
94 106
94 115
94 138
94 145
94 161
94 116
94 96
82 152
82 97
82 83
82 153
82 93
82 146
82 88
82 151
82 89
82 110
82 102
82 134
82 105
82 177
82 156
82 92
82 142
82 108
82 129
82 158
82 149
82 163
82 120
82 104
82 137
82 133
82 125
82 164
82 136
82 144
82 173
82 139
82 119
82 91
82 100
82 170
82 87
82 84
82 99
82 172
82 165
82 171
82 180
82 123
82 160
82 167
82 109
82 103
82 179
82 147
82 135
82 182
82 101
82 130
82 155
82 111
82 143
82 148
82 132
82 141
82 128
82 175
82 114
82 126
82 178
82 121
82 117
82 86
82 113
82 162
82 168
82 169
82 127
82 140
82 85
82 174
82 154
82 95
82 159
82 150
82 176
82 157
82 131
82 118
82 98
82 181
82 107
82 106
82 115
82 138
82 145
82 161
82 116
82 96
82 94
124 152
124 153
124 146
124 151
124 134
124 177
124 156
124 142
124 129
124 158
124 149
124 163
124 137
124 133
124 125
124 164
124 136
124 144
124 173
124 139
124 170
124 172
124 165
124 171
124 180
124 160
124 167
124 179
124 147
124 135
124 182
124 130
124 155
124 143
124 148
124 132
124 141
124 128
124 175
124 126
124 178
124 162
124 168
124 169
124 127
124 140
124 174
124 154
124 159
124 150
124 176
124 157
124 131
124 181
124 138
124 145
124 161
77 152
77 97
77 83
77 153
77 93
77 146
77 88
77 151
77 89
77 110
77 102
77 134
77 81
77 105
77 177
77 156
77 92
77 142
77 108
77 129
77 158
77 149
77 163
77 120
77 104
77 137
77 133
77 125
77 164
77 136
77 80
77 144
77 173
77 139
77 119
77 91
77 100
77 170
77 87
77 84
77 99
77 172
77 165
77 171
77 180
77 123
77 160
77 167
77 109
77 103
77 179
77 147
77 135
77 182
77 101
77 130
77 155
77 111
77 143
77 148
77 132
77 141
77 128
77 175
77 114
77 126
77 178
77 78
77 121
77 117
77 86
77 113
77 162
77 168
77 169
77 127
77 140
77 85
77 174
77 154
77 95
77 159
77 150
77 176
77 157
77 131
77 118
77 98
77 181
77 107
77 79
77 106
77 115
77 138
77 145
77 161
77 116
77 96
77 94
77 82
77 124
112 152
112 153
112 146
112 151
112 134
112 177
112 156
112 142
112 129
112 158
112 149
112 163
112 120
112 137
112 133
112 125
112 164
112 136
112 144
112 173
112 139
112 119
112 170
112 172
112 165
112 171
112 180
112 123
112 160
112 167
112 179
112 147
112 135
112 182
112 130
112 155
112 143
112 148
112 132
112 141
112 128
112 175
112 114
112 126
112 178
112 121
112 117
112 113
112 162
112 168
112 169
112 127
112 140
112 174
112 154
112 159
112 150
112 176
112 157
112 131
112 118
112 181
112 115
112 138
112 145
112 161
112 116
112 124
25 55
25 152
25 27
25 97
25 83
25 46
25 153
25 93
25 34
25 146
25 43
25 88
25 59
25 50
25 151
25 89
25 110
25 102
25 62
25 134
25 38
25 81
25 105
25 49
25 177
25 156
25 92
25 142
25 108
25 129
25 158
25 149
25 48
25 33
25 163
25 120
25 26
25 70
25 63
25 104
25 137
25 133
25 125
25 76
25 164
25 136
25 66
25 74
25 80
25 28
25 144
25 173
25 139
25 119
25 91
25 65
25 100
25 170
25 31
25 40
25 75
25 87
25 84
25 68
25 99
25 172
25 165
25 56
25 171
25 58
25 39
25 60
25 29
25 61
25 45
25 47
25 180
25 123
25 160
25 167
25 109
25 103
25 179
25 54
25 147
25 135
25 182
25 41
25 64
25 101
25 130
25 155
25 111
25 143
25 148
25 132
25 141
25 51
25 128
25 175
25 114
25 126
25 178
25 52
25 67
25 57
25 78
25 121
25 117
25 86
25 35
25 113
25 162
25 32
25 168
25 169
25 71
25 30
25 127
25 140
25 42
25 72
25 36
25 85
25 37
25 44
25 174
25 154
25 95
25 159
25 150
25 176
25 157
25 131
25 118
25 98
25 181
25 107
25 79
25 106
25 115
25 138
25 73
25 69
25 145
25 161
25 53
25 116
25 96
25 94
25 82
25 124
25 77
25 112
122 152
122 153
122 146
122 151
122 134
122 177
122 156
122 142
122 129
122 158
122 149
122 163
122 137
122 133
122 125
122 164
122 136
122 144
122 173
122 139
122 170
122 172
122 165
122 171
122 180
122 123
122 160
122 167
122 179
122 147
122 135
122 182
122 130
122 155
122 143
122 148
122 132
122 141
122 128
122 175
122 126
122 178
122 162
122 168
122 169
122 127
122 140
122 174
122 154
122 159
122 150
122 176
122 157
122 131
122 181
122 138
122 145
122 161
122 124
166 177
166 173
166 170
166 172
166 171
166 180
166 167
166 179
166 182
166 175
166 178
166 168
166 169
166 174
166 176
166 181
90 152
90 97
90 153
90 93
90 146
90 151
90 110
90 102
90 134
90 105
90 177
90 156
90 92
90 142
90 108
90 129
90 158
90 149
90 163
90 120
90 104
90 137
90 133
90 125
90 164
90 136
90 144
90 173
90 139
90 119
90 91
90 100
90 170
90 99
90 172
90 165
90 171
90 180
90 123
90 160
90 167
90 109
90 103
90 179
90 147
90 135
90 182
90 101
90 130
90 155
90 111
90 143
90 148
90 132
90 141
90 128
90 175
90 114
90 126
90 178
90 121
90 117
90 113
90 162
90 168
90 169
90 127
90 140
90 174
90 154
90 95
90 159
90 150
90 176
90 157
90 131
90 118
90 98
90 181
90 107
90 106
90 115
90 138
90 145
90 161
90 116
90 96
90 94
90 124
90 112
90 122
90 166
